Carlton,Blues,W. Bulldogs,Bulldogs,W2,0.0.0,0.0.0,
Mar 7,2014,4.00,Princes Park,None,,10410205,,0,,,,


250417,Bryce,Gibbs,CA,,,,,,,,,,,,,,,,,,,,,485300,,514700,,Midfielder,4,19,88.8,95.42,0.00,0.00,481500,
240014,Andrew,Walker,CA,,,,,,,,,,,,,,,,,,,,,473700,,572500,,Back,1,21,86.7,106.14,0.00,0.00,470000,
261299,Matthew,Kreuzer,CA,,,,,,,,,,,,,,,,,,,,,472900,,527900,,Ruck,8,16,86.6,97.88,0.00,0.00,469200,
240028,Brock,McLean,CA,,,,,,,,,,,,,,,,,,,,,472700,,463100,,Midfielder,14,21,86.5,85.86,0.00,0.00,469000,
250105,Marc,Murphy,CA,,,,,,,,,,,,,,,,,,,,,467200,,498300,,Midfielder,3,21,85.5,92.38,0.00,0.00,463500,
230202,Kade,Simpson,CA,,,,,,,,,,,,,,,,,,,,,465600,,513200,,Back,6,22,85.2,95.14,0.00,0.00,461900,
220056,Chris,Judd,CA,,,,,,,,,,,,,,,,,,,,,447300,,534600,,Midfielder,5,18,81.9,99.11,0.00,0.00,443800,
990059,Heath,Scotland,CA,,,,,,,,,,,,,,,,,,,,,447000,,445000,,Back,29,18,81.8,82.5,0.00,0.00,443500,
290311,Mitch,Robinson,CA,,,,,,,,,,,,,,,,,,,,,414900,,434600,,Forward Midfielder,12,19,75.9,80.58,0.00,0.00,411600,
270146,Ed,Curnow,CA,,,,,,,,,,,,,,,,,,,,,398500,,411400,,Midfielder,35,19,72.9,76.26,0.00,0.00,395400,
270653,Jeff,Garlett,CA,,,,,,,,,,,,,,,,,,,,,389200,,421800,,Forward,38,20,71.3,78.2,0.00,0.00,386200,
250672,Robert,Warnock,CA,,,,,,,,,,,,,,,,,,,,,384600,,474700,,Ruck,11,10,70.4,88,0.00,0.00,381600,
281079,Kane,Lucas,CA,,,,,,,,,,,,,,,,,,,,,380500,,376900,,Midfielder,9,17,69.6,69.88,0.00,0.00,377500,
220110,Jarrad,Waite,CA,,,,,,,,,,,,,,,,,,,,,375600,,406300,,Forward,30,12,68.8,75.33,0.00,0.00,372600,
270326,Lachie,Henderson,CA,,,,,,,,,,,,,,,,,,,,,375400,,449400,,Back Forward,23,22,68.7,83.32,0.00,0.00,372500,
280971,Jaryd,Cachia,CA,,,,,,,,,,,,,,,,,,,,,358600,,331300,,Midfielder,37,14,65.6,61.43,0.00,0.00,355800,
220015,Andrew,Carrazzo,CA,,,,,,,,,,,,,,,,,,,,,342500,,356500,,Midfielder,44,10,62.7,66.1,0.00,0.00,339800,
271110,Chris,Yarran,CA,,,,,,,,,,,,,,,,,,,,,331800,,357100,,Forward,13,19,60.7,66.21,0.00,0.00,329200,
240359,Dale,Thomas,CA,,,,,,,,,,,,,,,,,,,,,328600,,341800,,Midfielder,39,5,75.2,79.2,0.00,0.00,346400,
261257,Andrejs,Everitt,CA,,,,,,,,,,,,,,,,,,,,,328100,,342000,,Back,33,17,60.1,63.41,0.00,0.00,325500,
260533,Dennis,Armfield,CA,,,,,,,,,,,,,,,,,,,,,308100,,328300,,Forward Midfielder,27,22,56.4,60.86,0.00,0.00,305700,
260278,Sam,Rowe,CA,,,,,,,,,,,,,,,,,,,,,307500,,324200,,Forward Ruck,17,10,56.3,60.1,0.00,0.00,305100,
281124,Levi,Casboult,CA,,,,,,,,,,,,,,,,,,,,,292300,,303100,,Forward,41,10,53.5,56.2,0.00,0.00,290000,
240300,Cameron,Wood,CA,,,,,,,,,,,,,,,,,,,,,163500,,162600,,Ruck,36,0,0,0,0.00,0.00,285300,
292511,Zach,Tuohy,CA,,,,,,,,,,,,,,,,,,,,,287000,,349400,,Back,42,22,52.5,64.77,0.00,0.00,284800,
295518,Sam,Docherty,CA,,,,,,,,,,,,,,,,,,,,,274400,,285000,,Back,15,13,50.2,52.85,0.00,0.00,272200,
291456,Andrew,McInnes,CA,,,,,,,,,,,,,,,,,,,,,268600,,301800,,Back,26,6,49.2,62.17,0.00,0.00,234500,
290526,Matthew,Watson,CA,,,,,,,,,,,,,,,,,,,,,265500,,262400,,Back,10,5,48.6,60.8,0.00,0.00,223900,
261043,Michael,Jamison,CA,,,,,,,,,,,,,,,,,,,,,260700,,348400,,Back,40,22,47.7,64.59,0.00,0.00,258700,
293154,Troy,Menzel,CA,,,,,,,,,,,,,,,,,,,,,260400,,231900,,Forward,2,6,47.7,43,0.00,0.00,227300,
270637,Simon,White,CA,,,,,,,,,,,,,,,,,,,,,247600,,315800,,Back,43,9,45.3,58.56,0.00,0.00,238300,
294691,Tom,Bell,CA,,,,,,,,,,,,,,,,,,,,,276700,,311400,,Midfielder,28,7,56.3,64.14,0.00,0.00,277600,
990704,Patrick,Cripps,CA,,,,,,,,,,,,,,,,,,,,,152800,,157300,,Midfielder,16,0,0,0,0.00,0.00,230300,
261258,David,Ellard,CA,,,,,,,,,,,,,,,,,,,,,228700,,220100,,Midfielder,46,3,52.3,45.33,0.00,0.00,224100,
296531,Joshua,Bootsma,CA,,,,,,,,,,,,,,,,,,,,,190000,,217000,,Back,21,9,34.8,40.22,0.00,0.00,182800,
295445,Nicholas,Graham,CA,,,,,,,,,,,,,,,,,,,,,196700,,248100,,Midfielder,32,2,45,57.5,0.00,0.00,185400,
296431,Cameron,Giles,CA,,,,,,,,,,,,,,,,,,,,,112800,,117300,,Back,19,0,0,0,0.00,0.00,159900,
297456,Nick,Holman,CA,,,,,,,,,,,,,,,,,,,,,112800,,117300,,Midfielder,20,0,0,0,0.00,0.00,135500,
291777,Dylan,Buckley,CA,,,,,,,,,,,,,,,,,,,,,120200,,133800,,Midfielder,7,1,22,31,0.00,0.00,135500,
294662,Tom,Temay,CA,,,,,,,,,,,,,,,,,,,,,119200,,123900,,Midfielder,18,0,0,0,0.00,0.00,149700,
995121,Ciaran,Byrne,CA,,,,,,,,,,,,,,,,,,,,,98500,,102400,,Back,48,0,0,0,0.00,0.00,115200,
990425,Blaine,Johnson,CA,,,,,,,,,,,,,,,,,,,,,98500,,102400,,Forward,45,0,0,0,0.00,0.00,115200,
293626,Luke,Reynolds,CA,,,,,,,,,,,,,,,,,,,,,108500,,112400,,Forward,31,0,0,0,0.00,0.00,115200,
995219,Ciaran,Sheehan,CA,,,,,,,,,,,,,,,,,,,,,98500,,102400,,Midfielder,47,0,0,0,0.00,0.00,115200,
240156,Ryan,Griffen,WB,,,,,,,,,,,,,,,,,,,,,576300,,627600,,Midfielder,16,20,105.5,116.35,0.00,0.00,571800,
220010,Matthew,Boyd,WB,,,,,,,,,,,,,,,,,,,,,567700,,560100,,Midfielder,5,13,103.9,103.85,0.00,0.00,563300,
290799,Tom,Liberatore,WB,,,,,,,,,,,,,,,,,,,,,531100,,576200,,Midfielder,21,22,97.2,106.82,0.00,0.00,527000,
230041,Adam,Cooney,WB,,,,,,,,,,,,,,,,,,,,,506900,,531400,,Midfielder,17,19,92.8,98.53,0.00,0.00,502900,
230255,Will,Minson,WB,,,,,,,,,,,,,,,,,,,,,502100,,616600,,Ruck,27,22,91.9,114.32,0.00,0.00,498100,
200083,Robert,Murphy,WB,,,,,,,,,,,,,,,,,,,,,463200,,534300,,Back,2,19,84.8,99.05,0.00,0.00,459600,
261160,Brett,Goodes,WB,,,,,,,,,,,,,,,,,,,,,431600,,492100,,Back,44,13,79,91.23,0.00,0.00,428200,
261319,Jarrad,Grant,WB,,,,,,,,,,,,,,,,,,,,,428800,,419400,,Forward,1,8,78.5,77.75,0.00,0.00,399900,
295712,Tory,Dickson,WB,,,,,,,,,,,,,,,,,,,,,387900,,376300,,Forward,29,13,71,69.77,0.00,0.00,384800,
291526,Luke,Dahlhaus,WB,,,,,,,,,,,,,,,,,,,,,384100,,425900,,Forward,6,22,70.3,78.95,0.00,0.00,381100,
200079,Daniel,Giansiracusa,WB,,,,,,,,,,,,,,,,,,,,,382900,,391900,,Forward,13,20,70.1,72.65,0.00,0.00,379900,
291545,Mitch,Wallis,WB,,,,,,,,,,,,,,,,,,,,,382100,,386000,,Midfielder,3,18,69.9,71.56,0.00,0.00,379100,
280946,Koby,Stevens,WB,,,,,,,,,,,,,,,,,,,,,367100,,367100,,Midfielder,25,19,67.2,68.05,0.00,0.00,364300,
293847,Clay,Smith,WB,,,,,,,,,,,,,,,,,,,,,364400,,365200,,Midfielder,14,14,66.7,67.71,0.00,0.00,361600,
291810,Michael,Talia,WB,,,,,,,,,,,,,,,,,,,,,364200,,405100,,Back,32,9,66.7,75.11,0.00,0.00,350500,
292503,Stewart,Crameri,WB,,,,,,,,,,,,,,,,,,,,,355400,,390400,,Forward,8,16,65.1,72.38,0.00,0.00,352600,
271439,Liam,Picken,WB,,,,,,,,,,,,,,,,,,,,,351000,,340100,,Back,42,20,64.3,63.05,0.00,0.00,348200,
295467,Jackson,Macrae,WB,,,,,,,,,,,,,,,,,,,,,347100,,331100,,Midfielder,11,13,63.5,61.38,0.00,0.00,344400,
294826,Tom,Young,WB,,,,,,,,,,,,,,,,,,,,,342700,,364600,,Back,31,15,62.7,67.6,0.00,0.00,340000,
294101,Jason,Johannisen,WB,,,,,,,,,,,,,,,,,,,,,314700,,348100,,Back,39,13,57.6,64.54,0.00,0.00,312300,
280012,Jordan,Roughead,WB,,,,,,,,,,,,,,,,,,,,,284100,,360200,,Back,23,22,52,66.77,0.00,0.00,281800,
294557,Lachie,Hunter,WB,,,,,,,,,,,,,,,,,,,,,281600,,284700,,Forward Midfielder,26,9,51.6,52.78,0.00,0.00,271000,
260227,Shaun,Higgins,WB,,,,,,,,,,,,,,,,,,,,,272800,,254600,,Forward,7,3,71.3,59,0.00,0.00,305400,
281078,Liam,Jones,WB,,,,,,,,,,,,,,,,,,,,,262500,,277600,,Forward,19,19,48.1,51.47,0.00,0.00,260400,
250712,Dale,Morris,WB,,,,,,,,,,,,,,,,,,,,,263000,,342500,,Back,38,22,48.1,63.5,0.00,0.00,260900,
290765,Sam,Darley,WB,,,,,,,,,,,,,,,,,,,,,260000,,282600,,Back,33,4,59.5,65.5,0.00,0.00,264400,
297373,Marcus,Bontempelli,WB,,,,,,,,,,,,,,,,,,,,,197800,,202300,,Midfielder,4,0,0,0,0.00,0.00,254700,
294556,Nathan,Hrovat,WB,,,,,,,,,,,,,,,,,,,,,287300,,310000,,Midfielder,24,7,58.4,63.86,0.00,0.00,288200,
290246,Tom,Campbell,WB,,,,,,,,,,,,,,,,,,,,,248600,,320000,,Forward,45,6,45.5,59.33,0.00,0.00,217000,
281013,Jason,Tutt,WB,,,,,,,,,,,,,,,,,,,,,247300,,229500,,Forward,15,11,45.3,42.55,0.00,0.00,245400,
293884,Jake,Stringer,WB,,,,,,,,,,,,,,,,,,,,,240900,,251400,,Forward,9,10,44.1,46.6,0.00,0.00,239000,
295313,Lin,Jong,WB,,,,,,,,,,,,,,,,,,,,,155000,,157800,,Midfielder,46,0,0,0,0.00,0.00,215300,
261243,Mark,Austin,WB,,,,,,,,,,,,,,,,,,,,,213000,,243500,,Back,47,7,39,45.14,0.00,0.00,192400,
280056,Ayce,Cordy,WB,,,,,,,,,,,,,,,,,,,,,203200,,236300,,Forward,49,5,37.2,43.8,0.00,0.00,171400,
281139,Easton,Wood,WB,,,,,,,,,,,,,,,,,,,,,203200,,215800,,Back,10,5,37.2,40,0.00,0.00,171400,
250150,Tom,Williams,WB,,,,,,,,,,,,,,,,,,,,,196700,,189900,,Forward,12,2,36,44,0.00,0.00,148300,
281374,Christian,Howard,WB,,,,,,,,,,,,,,,,,,,,,169300,,237300,,Back,30,1,31,55,0.00,0.00,135500,
281291,Matthew,Fuller,WB,,,,,,,,,,,,,,,,,,,,,112800,,117300,,Back,36,0,0,0,0.00,0.00,151800,
296369,Mitch,Honeychurch,WB,,,,,,,,,,,,,,,,,,,,,112800,,117300,,Forward Midfielder,22,0,0,0,0.00,0.00,135500,
291774,Alex,Greenwood,WB,,,,,,,,,,,,,,,,,,,,,119200,,123900,,Midfielder,34,0,0,0,0.00,0.00,115200,
293676,Daniel,Pearce,WB,,,,,,,,,,,,,,,,,,,,,119200,,123900,,Back,20,0,0,0,0.00,0.00,139600,
294336,Joshua,Prudden,WB,,,,,,,,,,,,,,,,,,,,,119200,,123900,,Midfielder,28,0,0,0,0.00,0.00,115200,
292030,Jack,Redpath,WB,,,,,,,,,,,,,,,,,,,,,119200,,123900,,Forward,43,0,0,0,0.00,0.00,115200,
291814,Fletcher,Roberts,WB,,,,,,,,,,,,,,,,,,,,,119200,,123900,,Forward,18,0,0,0,0.00,0.00,153700,
