Pt Adelaide,Power,St Kilda,Saints,W2,0.0.0,0.0.0,
Mar 8,2014,1.00,Alberton,None,,10410207,,0,,,,


210020,Kane,Cornes,PA,,,,,,,,,,,,,,,,,,,,,582700,,568200,,Midfielder,18,21,106.7,105.33,0.00,0.00,578100,
250365,Travis,Boak,PA,,,,,,,,,,,,,,,,,,,,,547600,,575100,,Midfielder,1,21,100.2,106.62,0.00,0.00,543300,
261911,Brad,Ebert,PA,,,,,,,,,,,,,,,,,,,,,541600,,524200,,Midfielder,7,22,99.1,97.18,0.00,0.00,537300,
291962,Chad,Wingard,PA,,,,,,,,,,,,,,,,,,,,,477700,,531800,,Forward Midfielder,20,22,87.5,98.59,0.00,0.00,474000,
260750,Justin,Westhoff,PA,,,,,,,,,,,,,,,,,,,,,477600,,531700,,Forward,39,21,87.4,98.57,0.00,0.00,473900,
261892,Hamish,Hartlett,PA,,,,,,,,,,,,,,,,,,,,,450100,,489500,,Midfielder,8,20,82.4,90.75,0.00,0.00,446600,
240290,Angus,Monfries,PA,,,,,,,,,,,,,,,,,,,,,445000,,486700,,Forward,6,22,81.5,90.23,0.00,0.00,441500,
261230,Matthew,Lobbe,PA,,,,,,,,,,,,,,,,,,,,,442800,,464400,,Ruck,23,19,81.1,86.11,0.00,0.00,439300,
230195,Jay,Schulz,PA,,,,,,,,,,,,,,,,,,,,,418600,,460700,,Forward,28,22,76.6,85.41,0.00,0.00,415400,
294318,Oliver,Wines,PA,,,,,,,,,,,,,,,,,,,,,405500,,399100,,Midfielder,16,22,74.2,74,0.00,0.00,402300,
261396,Robbie,Gray,PA,,,,,,,,,,,,,,,,,,,,,394800,,442600,,Forward Midfielder,9,18,72.3,82.06,0.00,0.00,391700,
271078,Matthew,Broadbent,PA,,,,,,,,,,,,,,,,,,,,,391100,,428800,,Back,5,22,71.6,79.5,0.00,0.00,388000,
290540,Cameron,O'Shea,PA,,,,,,,,,,,,,,,,,,,,,387400,,401400,,Back,13,22,70.9,74.41,0.00,0.00,384300,
280750,Andrew,Moore,PA,,,,,,,,,,,,,,,,,,,,,372900,,360000,,Midfielder,26,15,68.3,66.73,0.00,0.00,370000,
230124,Tom,Logan,PA,,,,,,,,,,,,,,,,,,,,,347600,,345200,,Back,44,8,63.6,64,0.00,0.00,324200,
240389,Matt,White,PA,,,,,,,,,,,,,,,,,,,,,319600,,302700,,Midfielder,19,16,58.5,56.13,0.00,0.00,317100,
295054,Sam,Colquhoun,PA,,,,,,,,,,,,,,,,,,,,,318900,,293300,,Back Midfielder,30,8,58.4,54.38,0.00,0.00,297400,
290156,Jasper,Pittard,PA,,,,,,,,,,,,,,,,,,,,,313600,,329700,,Back,29,15,57.4,0,0.00,0.00,311100,
210043,Domenic,Cassisi,PA,,,,,,,,,,,,,,,,,,,,,298300,,335500,,Midfielder,25,10,54.6,62.2,0.00,0.00,295900,
280379,Lewis,Stevenson,PA,,,,,,,,,,,,,,,,,,,,,293800,,318200,,Back,15,9,53.8,59,0.00,0.00,282700,
291964,Jack,Hombsch,PA,,,,,,,,,,,,,,,,,,,,,328600,,371400,,Back,36,6,66.8,76.5,0.00,0.00,318800,
290171,Campbell,Heath,PA,,,,,,,,,,,,,,,,,,,,,289100,,304800,,Back,3,12,52.9,56.5,0.00,0.00,286800,
290277,Jarrad,Redden,PA,,,,,,,,,,,,,,,,,,,,,307300,,325200,,Ruck,34,6,62.5,67,0.00,0.00,298100,
270779,Paul,Stewart,PA,,,,,,,,,,,,,,,,,,,,,267700,,245900,,Forward,14,12,49,45.58,0.00,0.00,265600,
270606,Kane,Mitchell,PA,,,,,,,,,,,,,,,,,,,,,266000,,240200,,Midfielder,37,13,48.7,44.54,0.00,0.00,263900,
250688,Alipate,Carlile,PA,,,,,,,,,,,,,,,,,,,,,256700,,314700,,Back,27,20,47,58.35,0.00,0.00,254700,
294604,Jake,Neade,PA,,,,,,,,,,,,,,,,,,,,,254400,,271700,,Forward,32,16,46.6,50.38,0.00,0.00,252400,
280013,Jackson,Trengove,PA,,,,,,,,,,,,,,,,,,,,,252000,,293400,,Back,12,15,46.1,54.4,0.00,0.00,250000,
292145,Thomas,Jonas,PA,,,,,,,,,,,,,,,,,,,,,247000,,281300,,Back,42,19,45.2,52.16,0.00,0.00,245000,
280877,John,Butcher,PA,,,,,,,,,,,,,,,,,,,,,224000,,236000,,Forward,11,8,41,43.75,0.00,0.00,208900,
290546,Aaron,Young,PA,,,,,,,,,,,,,,,,,,,,,223100,,247900,,Midfielder,40,3,58.3,65.67,0.00,0.00,249800,
250308,Brent,Renouf,PA,,,,,,,,,,,,,,,,,,,,,213000,,279400,,Ruck,4,5,39,51.8,0.00,0.00,179700,
296254,Jarman,Impey,PA,,,,,,,,,,,,,,,,,,,,,112800,,117300,,Forward,24,0,0,0,0.00,0.00,208700,
281375,Cameron,Hitchcock,PA,,,,,,,,,,,,,,,,,,,,,193000,,167200,,Forward,2,3,35.3,31,0.00,0.00,151300,
290738,Jared,Polec,PA,,,,,,,,,,,,,,,,,,,,,169300,,172600,,Midfielder,21,1,31,32,0.00,0.00,135500,
294035,Mitch,Harvey,PA,,,,,,,,,,,,,,,,,,,,,112800,,117300,,Forward,31,0,0,0,0.00,0.00,143600,
297354,Karl,Amon,PA,,,,,,,,,,,,,,,,,,,,,112800,,117300,,Midfielder,43,0,0,0,0.00,0.00,135500,
991930,Darcy,Byrne-Jones,PA,,,,,,,,,,,,,,,,,,,,,112800,,117300,,Back,33,0,0,0,0.00,0.00,135500,
291947,Brendon,Ah Chee,PA,,,,,,,,,,,,,,,,,,,,,119200,,123900,,Midfielder,41,0,0,0,0.00,0.00,115200,
294504,Tom,Clurey,PA,,,,,,,,,,,,,,,,,,,,,119200,,123900,,Back,17,0,0,0,0.00,0.00,163500,
291607,Ben,Newton,PA,,,,,,,,,,,,,,,,,,,,,119200,,123900,,Midfielder,38,0,0,0,0.00,0.00,115200,
294644,Mason,Shaw,PA,,,,,,,,,,,,,,,,,,,,,119200,,123900,,Forward,22,0,0,0,0.00,0.00,161200,
993424,Daniel,Flynn,PA,,,,,,,,,,,,,,,,,,,,,98500,,102400,,Back,45,0,0,0,0.00,0.00,115200,
290722,Sam,Gray,PA,,,,,,,,,,,,,,,,,,,,,98500,,102400,,Midfielder,46,0,0,0,0.00,0.00,115200,
298658,Sam,Russell,PA,,,,,,,,,,,,,,,,,,,,,106500,,110400,,Back,47,0,0,0,0.00,0.00,115200,
220075,Leigh,Montagna,SK,,,,,,,,,,,,,,,,,,,,,610800,,619000,,Midfielder,11,21,111.8,114.76,0.00,0.00,606000,
210001,Nick,Riewoldt,SK,,,,,,,,,,,,,,,,,,,,,563400,,567100,,Forward,12,21,103.1,105.14,0.00,0.00,559000,
270912,Jack,Steven,SK,,,,,,,,,,,,,,,,,,,,,536600,,593100,,Midfielder,3,22,98.2,109.95,0.00,0.00,532400,
250340,David,Armitage,SK,,,,,,,,,,,,,,,,,,,,,477600,,498500,,Midfielder,20,21,87.4,92.43,0.00,0.00,473900,
990028,Lenny,Hayes,SK,,,,,,,,,,,,,,,,,,,,,474100,,492000,,Midfielder,7,14,86.8,91.21,0.00,0.00,470400,
240062,Farren,Ray,SK,,,,,,,,,,,,,,,,,,,,,451700,,429200,,Midfielder,22,19,82.7,79.58,0.00,0.00,448100,
261743,Clinton,Jones,SK,,,,,,,,,,,,,,,,,,,,,423500,,438600,,Midfielder,4,19,77.5,81.32,0.00,0.00,420200,
260113,Jarryn,Geary,SK,,,,,,,,,,,,,,,,,,,,,386800,,430700,,Back,14,21,70.8,79.86,0.00,0.00,383800,
250134,Sam,Gilbert,SK,,,,,,,,,,,,,,,,,,,,,383600,,427900,,Back,19,9,70.2,79.33,0.00,0.00,369200,
240708,Sam,Fisher,SK,,,,,,,,,,,,,,,,,,,,,375100,,430300,,Back,25,9,68.7,79.78,0.00,0.00,361000,
280858,Shane,Savage,SK,,,,,,,,,,,,,,,,,,,,,367800,,341600,,Midfielder,5,15,67.3,63.33,0.00,0.00,364900,
280933,Dylan,Roberton,SK,,,,,,,,,,,,,,,,,,,,,361400,,404500,,Back,17,20,66.2,75,0.00,0.00,358500,
230243,Sean,Dempster,SK,,,,,,,,,,,,,,,,,,,,,361100,,385000,,Back,24,19,66.1,71.37,0.00,0.00,358300,
291773,Jack,Newnes,SK,,,,,,,,,,,,,,,,,,,,,325600,,313700,,Midfielder,16,18,59.6,58.17,0.00,0.00,323100,
293846,Sebastian,Ross,SK,,,,,,,,,,,,,,,,,,,,,307600,,296200,,Midfielder,6,13,56.3,54.92,0.00,0.00,305200,
281024,Maverick,Weller,SK,,,,,,,,,,,,,,,,,,,,,301500,,292500,,Back,44,4,69,60.25,0.00,0.00,306700,
220098,Adam,Schneider,SK,,,,,,,,,,,,,,,,,,,,,296300,,323300,,Forward,13,5,67.8,66.6,0.00,0.00,312300,
250703,James,Gwilt,SK,,,,,,,,,,,,,,,,,,,,,293700,,366400,,Back,33,13,53.8,67.92,0.00,0.00,291400,
250036,Beau,Maister,SK,,,,,,,,,,,,,,,,,,,,,260600,,284300,,Forward,37,7,53,52.71,0.00,0.00,261400,
270570,Trent,Dennis-Lane,SK,,,,,,,,,,,,,,,,,,,,,287100,,280500,,Forward,8,9,52.6,52,0.00,0.00,276300,
291518,Thomas,Curren,SK,,,,,,,,,,,,,,,,,,,,,323100,,360600,,Midfielder,26,7,65.7,74.29,0.00,0.00,324100,
294266,Tom,Hickey,SK,,,,,,,,,,,,,,,,,,,,,285000,,313300,,Ruck,1,12,52.2,58.08,0.00,0.00,282700,
290422,Tom,Lee,SK,,,,,,,,,,,,,,,,,,,,,285200,,329000,,Forward,9,10,52.2,61,0.00,0.00,282900,
296459,Sam,Dunell,SK,,,,,,,,,,,,,,,,,,,,,255700,,296700,,Midfielder,38,4,52,55,0.00,0.00,231100,
291492,Josh,Bruce,SK,,,,,,,,,,,,,,,,,,,,,280600,,282400,,Back,27,11,51.4,52.36,0.00,0.00,278400,
270766,Terry,Milera,SK,,,,,,,,,,,,,,,,,,,,,272000,,281600,,Forward,32,10,49.8,52.2,0.00,0.00,269900,
270303,Luke,Delaney,SK,,,,,,,,,,,,,,,,,,,,,266600,,291300,,Back,21,5,48.8,54,0.00,0.00,224800,
296351,Jack,Billings,SK,,,,,,,,,,,,,,,,,,,,,202800,,207300,,Forward Midfielder,15,0,0,0,0.00,0.00,257400,
293815,Arryn,Siposs,SK,,,,,,,,,,,,,,,,,,,,,252500,,272100,,Forward,2,9,46.2,50.44,0.00,0.00,243000,
280317,Rhys,Stanley,SK,,,,,,,,,,,,,,,,,,,,,249500,,303900,,Back,28,18,45.7,56.33,0.00,0.00,247500,
291828,Billy,Longer,SK,,,,,,,,,,,,,,,,,,,,,239000,,279100,,Ruck,18,4,43.8,51.75,0.00,0.00,194400,
290757,Jimmy,Webster,SK,,,,,,,,,,,,,,,,,,,,,237400,,240800,,Back,29,11,43.5,44.64,0.00,0.00,235500,
295477,Josh,Saunders,SK,,,,,,,,,,,,,,,,,,,,,230500,,208700,,Midfielder,35,10,42.2,38.7,0.00,0.00,228700,
294317,Nathan,Wright,SK,,,,,,,,,,,,,,,,,,,,,228700,,260300,,Back,34,8,41.9,48.25,0.00,0.00,213300,
295095,Brodie,Murdoch,SK,,,,,,,,,,,,,,,,,,,,,224000,,217100,,Forward,30,8,41,40.25,0.00,0.00,208900,
294429,Luke,Dunstan,SK,,,,,,,,,,,,,,,,,,,,,127800,,132300,,Midfielder,36,0,0,0,0.00,0.00,216800,
296294,Blake,Acres,SK,,,,,,,,,,,,,,,,,,,,,122800,,127300,,Midfielder,40,0,0,0,0.00,0.00,214100,
280053,Tom,Simpkin,SK,,,,,,,,,,,,,,,,,,,,,183500,,256700,,Back,31,5,33.6,47.6,0.00,0.00,154800,
296452,Darren,Minchington,SK,,,,,,,,,,,,,,,,,,,,,194500,,188000,,Forward,41,2,44.5,41,0.00,0.00,183300,
281298,Cameron,Shenton,SK,,,,,,,,,,,,,,,,,,,,,147500,,155300,,Forward Midfielder,39,1,27,32,0.00,0.00,135500,
295263,Daniel,Markworth,SK,,,,,,,,,,,,,,,,,,,,,119200,,123900,,Forward,10,0,0,0,0.00,0.00,115200,
294621,Lewis,Pierce,SK,,,,,,,,,,,,,,,,,,,,,119200,,123900,,Ruck,42,0,0,0,0.00,0.00,115200,
295482,Spencer,White,SK,,,,,,,,,,,,,,,,,,,,,119200,,123900,,Forward,23,0,0,0,0.00,0.00,172800,
994460,Jason,Holmes,SK,,,,,,,,,,,,,,,,,,,,,98500,,102400,,Ruck,45,0,0,0,0.00,0.00,115200,
296208,Eli,Templeton,SK,,,,,,,,,,,,,,,,,,,,,126500,,130400,,Midfielder,43,0,0,0,0.00,0.00,115200,
