Brisbane,Lions,St Kilda,Saints,W3,0.0.0,0.0.0, Full Time
Mar 6,2016,4.40,Mackay,Foxtel,,10450118,,0,,,,
#####

230147,Daniel,Merrett,BL,0,0,-,0,0,0,0,0,0,0,0,0,0,0,0, Full Time,,,,,253900,,319400,,Back ,21,0,0,0,0.00,0.00,0.00,242000,,,0,0,0,0,0
261224,Dayne,Zorko,BL,0,0,-,0,0,0,0,0,0,0,0,0,0,0,0, Full Time,,,,,523600,,543000,,Forward ,15,0,0,0,0.00,0.00,0.00,500000,,,0,0,0,0,0
270512,Pearce,Hanley,BL,0,0,-,0,0,0,0,0,0,0,0,0,0,0,0, Full Time,,,,,517500,,467000,,Midfielder ,11,0,0,0,0.00,0.00,0.00,494000,,,0,0,0,0,0
270919,Tom,Rockliff,BL,0,0,-,0,0,0,0,0,0,0,0,0,0,0,0, Full Time,,,,,606900,,550100,,Midfielder ,38,0,0,0,0.00,0.00,0.00,579000,,,0,0,0,0,0
271072,Daniel,Rich,BL,0,0,-,0,0,0,0,0,0,0,0,0,0,0,0, Full Time,,,,,421500,,436100,,Midfielder ,10,0,0,0,0.00,0.00,0.00,402000,,,0,0,0,0,0
280763,Stefan,Martin,BL,0,0,-,0,0,0,0,0,0,0,0,0,0,0,0, Full Time,,,,,661100,,597600,,Ruck ,12,0,0,0,0.00,0.00,0.00,631000,,,0,0,0,0,0
280863,Ryan,Bastinac,BL,0,0,-,0,0,0,0,0,0,0,0,0,0,0,0, Full Time,,,,,377800,,390700,,Midfielder ,4,0,0,0,0.00,0.00,0.00,361000,,,0,0,0,0,0
281048,Ryan,Harwood,BL,0,0,-,0,0,0,0,0,0,0,0,0,0,0,0, Full Time,,,,,262800,,283300,,Back ,2,0,0,0,0.00,0.00,0.00,198000,,,0,0,0,0,0
281329,Rohan,Bewick,BL,0,0,-,0,0,0,0,0,0,0,0,0,0,0,0, Full Time,,,,,363700,,329200,,Forward ,8,0,0,0,0.00,0.00,0.00,347000,,,0,0,0,0,0
291548,Ryan,Lester,BL,0,0,-,0,0,0,0,0,0,0,0,0,0,0,0, Full Time,,,,,347200,,368700,,Midfielder ,35,0,0,0,0.00,0.00,0.00,322000,,,0,0,0,0,0
291550,Josh,Walker,BL,0,0,-,0,0,0,0,0,0,0,0,0,0,0,0, Full Time,,,,,305800,,289000,,Forward ,14,0,0,0,0.00,0.00,0.00,292000,,,0,0,0,0,0
293603,Sam,Mayes,BL,0,0,-,0,0,0,0,0,0,0,0,0,0,0,0, Full Time,,,,,348600,,316400,,Midfielder ,32,0,0,0,0.00,0.00,0.00,333000,,,0,0,0,0,0
294536,Jono,Freeman,BL,0,0,-,0,0,0,0,0,0,0,0,0,0,0,0, Full Time,,,,,212600,,218500,,Forward ,34,0,0,0,0.00,0.00,0.00,179000,,,0,0,0,0,0
294618,Marco,Paparone,BL,0,0,-,0,0,0,0,0,0,0,0,0,0,0,0, Full Time,,,,,432100,,417200,,Back ,22,0,0,0,0.00,0.00,0.00,413000,,,0,0,0,0,0
294691,Tom,Bell,BL,0,0,-,0,0,0,0,0,0,0,0,0,0,0,0, Full Time,,,,,514900,,483700,,Midfielder ,7,0,0,0,0.00,0.00,0.00,492000,,,0,0,0,0,0
296211,Lewis,Taylor,BL,0,0,-,0,0,0,0,0,0,0,0,0,0,0,0, Full Time,,,,,433200,,387500,,Forward ,28,0,0,0,0.00,0.00,0.00,414000,,,0,0,0,0,0
297406,Tom,Cutler,BL,0,0,-,0,0,0,0,0,0,0,0,0,0,0,0, Full Time,,,,,332500,,292900,,Back ,26,0,0,0,0.00,0.00,0.00,317000,,,0,0,0,0,0
297504,Daniel,McStay,BL,0,0,-,0,0,0,0,0,0,0,0,0,0,0,0, Full Time,,,,,244300,,250100,,Back ,25,0,0,0,0.00,0.00,0.00,234000,,,0,0,0,0,0
298293,Jaden,McGrath,BL,0,0,-,0,0,0,0,0,0,0,0,0,0,0,0, Full Time,,,,,234800,,222900,,Forward ,29,0,0,0,0.00,0.00,0.00,197000,,,0,0,0,0,0
992752,Archie,Smith,BL,0,0,-,0,0,0,0,0,0,0,0,0,0,0,0, Full Time,,,,,121300,,117300,,Ruck ,44,0,0,0,0.00,0.00,0.00,125000,,,0,0,0,0,0
993828,Rhys,Mathieson,BL,0,0,-,0,0,0,0,0,0,0,0,0,0,0,0, Full Time,,,,,121300,,117300,,Midfielder ,36,0,0,0,0.00,0.00,0.00,158000,,,0,0,0,0,0
993841,Josh,Schache,BL,0,0,-,0,0,0,0,0,0,0,0,0,0,0,0, Full Time,,,,,220300,,216300,,Forward ,23,0,0,0,0.00,0.00,0.00,232000,,,0,0,0,0,0
993946,Ben,Keays,BL,0,0,-,0,0,0,0,0,0,0,0,0,0,0,0, Full Time,,,,,121300,,117300,,Midfielder ,1,0,0,0,0.00,0.00,0.00,176000,,,0,0,0,0,0
996059,Harris,Andrews,BL,0,0,-,0,0,0,0,0,0,0,0,0,0,0,0, Full Time,,,,,303300,,346500,,Back ,31,0,0,0,0.00,0.00,0.00,290000,,,0,0,0,0,0
220075,Leigh,Montagna,SK,0,0,-,0,0,0,0,0,0,0,0,0,0,0,0, Full Time,,,,,631900,,599000,,Midfielder ,11,0,0,0,0.00,0.00,0.00,603000,,,0,0,0,0,0
230243,Sean,Dempster,SK,0,0,-,0,0,0,0,0,0,0,0,0,0,0,0, Full Time,,,,,419300,,427600,,Back ,24,0,0,0,0.00,0.00,0.00,400000,,,0,0,0,0,0
240708,Sam,Fisher,SK,0,0,-,0,0,0,0,0,0,0,0,0,0,0,0, Full Time,,,,,410000,,428100,,Back ,25,0,0,0,0.00,0.00,0.00,391000,,,0,0,0,0,0
250134,Sam,Gilbert,SK,0,0,-,0,0,0,0,0,0,0,0,0,0,0,0, Full Time,,,,,439500,,434600,,Back ,19,0,0,0,0.00,0.00,0.00,420000,,,0,0,0,0,0
250340,David,Armitage,SK,0,0,-,0,0,0,0,0,0,0,0,0,0,0,0, Full Time,,,,,620300,,591800,,Midfielder ,20,0,0,0,0.00,0.00,0.00,592000,,,0,0,0,0,0
260113,Jarryn,Geary,SK,0,0,-,0,0,0,0,0,0,0,0,0,0,0,0, Full Time,,,,,428400,,421400,,Back ,14,0,0,0,0.00,0.00,0.00,409000,,,0,0,0,0,0
270912,Jack,Steven,SK,0,0,-,0,0,0,0,0,0,0,0,0,0,0,0, Full Time,,,,,647400,,562700,,Midfielder ,3,0,0,0,0.00,0.00,0.00,618000,,,0,0,0,0,0
280858,Shane,Savage,SK,0,0,-,0,0,0,0,0,0,0,0,0,0,0,0, Full Time,,,,,402000,,398000,,Midfielder ,5,0,0,0,0.00,0.00,0.00,384000,,,0,0,0,0,0
280933,Dylan,Roberton,SK,0,0,-,0,0,0,0,0,0,0,0,0,0,0,0, Full Time,,,,,480300,,488900,,Back ,17,0,0,0,0.00,0.00,0.00,459000,,,0,0,0,0,0
281024,Maverick,Weller,SK,0,0,-,0,0,0,0,0,0,0,0,0,0,0,0, Full Time,,,,,434500,,386400,,Midfielder ,44,0,0,0,0.00,0.00,0.00,415000,,,0,0,0,0,0
290422,Tom,Lee,SK,0,0,-,0,0,0,0,0,0,0,0,0,0,0,0, Full Time,,,,,128200,,123900,,Forward ,9,0,0,0,0.00,0.00,0.00,125000,,,0,0,0,0,0
290757,Jimmy,Webster,SK,0,0,-,0,0,0,0,0,0,0,0,0,0,0,0, Full Time,,,,,345400,,352300,,Back ,29,0,0,0,0.00,0.00,0.00,330000,,,0,0,0,0,0
291492,Josh,Bruce,SK,0,0,-,0,0,0,0,0,0,0,0,0,0,0,0, Full Time,,,,,393700,,368400,,Forward ,27,0,0,0,0.00,0.00,0.00,376000,,,0,0,0,0,0
291518,Tom,Curren,SK,0,0,-,0,0,0,0,0,0,0,0,0,0,0,0, Full Time,,,,,190100,,192100,,Midfielder ,26,0,0,0,0.00,0.00,0.00,172000,,,0,0,0,0,0
291773,Jack,Newnes,SK,0,0,-,0,0,0,0,0,0,0,0,0,0,0,0, Full Time,,,,,494800,,489600,,Back ,16,0,0,0,0.00,0.00,0.00,472000,,,0,0,0,0,0
293846,Seb,Ross,SK,0,0,-,0,0,0,0,0,0,0,0,0,0,0,0, Full Time,,,,,410400,,365900,,Midfielder ,6,0,0,0,0.00,0.00,0.00,394000,,,0,0,0,0,0
294266,Tom,Hickey,SK,0,0,-,0,0,0,0,0,0,0,0,0,0,0,0, Full Time,,,,,323600,,375300,,Ruck ,1,0,0,0,0.00,0.00,0.00,309000,,,0,0,0,0,0
294317,Nathan,Wright,SK,0,0,-,0,0,0,0,0,0,0,0,0,0,0,0, Full Time,,,,,278200,,243900,,Back ,34,0,0,0,0.00,0.00,0.00,226000,,,0,0,0,0,0
294429,Luke,Dunstan,SK,0,0,-,0,0,0,0,0,0,0,0,0,0,0,0, Full Time,,,,,407300,,378000,,Midfielder ,7,0,0,0,0.00,0.00,0.00,389000,,,0,0,0,0,0
294596,Tim,Membrey,SK,0,0,-,0,0,0,0,0,0,0,0,0,0,0,0, Full Time,,,,,301900,,304900,,Forward ,28,0,0,0,0.00,0.00,0.00,288000,,,0,0,0,0,0
295477,Josh,Saunders,SK,0,0,-,0,0,0,0,0,0,0,0,0,0,0,0, Full Time,,,,,128200,,159500,,Midfielder ,35,0,0,0,0.00,0.00,0.00,125000,,,0,0,0,0,0
296208,Eli,Templeton,SK,0,0,-,0,0,0,0,0,0,0,0,0,0,0,0, Full Time,,,,,250200,,196100,,Forward ,4,0,0,0,0.00,0.00,0.00,210000,,,0,0,0,0,0
296294,Blake,Acres,SK,0,0,-,0,0,0,0,0,0,0,0,0,0,0,0, Full Time,,,,,274100,,256700,,Midfielder ,8,0,0,0,0.00,0.00,0.00,238000,,,0,0,0,0,0
296351,Jack,Billings,SK,0,0,-,0,0,0,0,0,0,0,0,0,0,0,0, Full Time,,,,,487600,,455100,,Forward ,15,0,0,0,0.00,0.00,0.00,452000,,,0,0,0,0,0
992000,Jack,Lonie,SK,0,0,-,0,0,0,0,0,0,0,0,0,0,0,0, Full Time,,,,,317500,,301900,,Forward ,13,0,0,0,0.00,0.00,0.00,303000,,,0,0,0,0,0
994460,Jason,Holmes,SK,0,0,-,0,0,0,0,0,0,0,0,0,0,0,0, Full Time,,,,,255100,,242800,,Ruck ,45,0,0,0,0.00,0.00,0.00,192000,,,0,0,0,0,0
