Western Sydney,Giants,Adelaide,Crows,R1,1.6.12,7.6.48, Full Time
Feb 4,2017,5.05,Thebarton,Seven,,100640102,,0,Rain,30,,
#####

296137,Jess,Dal Pos,WS,21,83,0,115,54,72,11,1,3,9,0,3,0,0,0, Full Time,hot,%D with %k by foot... also %T and %M... helped out by %4FF,,,416400,0,407900,102,Forward,7,12,70.08,76.33,0.38,0.83,0.68,397000,108,,7,2,0,67,0
1005452,Nicola,Barr,WS,8,61,0,81,42,57,9,4,1,5,0,3,0,0,0, Full Time,hot,%D and %T... umps paid him %4FF,,,416400,0,407900,102,Forward,8,12,70.08,76.33,0.38,0.83,0.68,397000,108,,8,2,2,38,0
1005476,Amanda,Farrugia,WS,5,55,0,75,41,57,10,2,4,3,0,0,1,0,0, Full Time,news,%P including %K... also %M and %T,,,416400,0,407900,102,Forward,18,12,70.08,76.33,0.38,0.83,0.68,397000,108,,2,1,3,25,0
1007147,Jess,Bibby,WS,5,55,0,73,41,54,8,3,4,3,0,1,0,0,0, Full Time,news,%O including %K... also %M and %T,,,416400,0,407900,102,Forward,22,12,70.08,76.33,0.38,0.83,0.68,397000,108,,4,0,2,46,0
1005491,Britt,Tully,WS,3,52,0,69,36,51,10,3,1,3,0,1,0,0,0, Full Time,news,%P with %k by foot... also %T,,,416400,0,407900,102,Forward,16,12,70.08,76.33,0.38,0.83,0.68,397000,108,,10,3,2,62,0
997689,Phoebe,McWilliams,WS,11,52,0,66,44,55,6,4,4,2,0,2,1,1,1, Full Time,news,%s from %O and %M plus %T,,,416400,0,407900,102,Forward,3,12,70.08,76.33,0.38,0.83,0.68,397000,108,,6,0,2,60,0
1003022,Maddy,Collier,WS,14,49,0,71,35,51,8,1,2,6,0,2,3,0,0, Full Time,news,%P with %k by foot... also %T and %M... conceded %F,,,416400,0,407900,102,Forward,14,12,70.08,76.33,0.38,0.83,0.68,397000,108,,7,3,5,22,0
1004402,Ashleigh,Guest,WS,7,42,0,57,30,42,4,4,1,5,0,2,1,0,0, Full Time,news,%O and %T,,,416400,0,407900,102,Forward,19,12,70.08,76.33,0.38,0.83,0.68,397000,108,,6,1,1,88,0
1005489,Renee,Tomkins,WS,3,38,0,51,30,42,8,2,3,1,0,0,1,0,0, Full Time,news,%P with %k by foot... also %M,,,416400,0,407900,102,Forward,1,12,70.08,76.33,0.38,0.83,0.68,397000,108,,3,1,2,60,0
1005453,Rebecca,Beeson,WS,3,35,0,46,29,43,4,6,1,3,0,1,2,0,1, Full Time,news,%s from %P and %T,,,416400,0,407900,102,Forward,6,12,70.08,76.33,0.38,0.83,0.68,397000,108,,6,0,2,60,0
1005432,Aimee,Schmidt,WS,3,32,0,42,26,33,4,2,4,1,0,0,0,0,0, Full Time,news,%O and %M,,,416400,0,407900,102,Forward,11,12,70.08,76.33,0.38,0.83,0.68,397000,108,,2,0,1,17,0
1005451,Jacinda,Barclay,WS,3,30,0,41,23,31,5,1,2,2,0,1,1,0,1, Full Time,news,%s from %O and %M plus %T,,,416400,0,407900,102,Forward,34,12,70.08,76.33,0.38,0.83,0.68,397000,108,,3,0,2,17,0
1005487,Ella,Ross,WS,2,28,0,36,22,33,4,5,0,2,0,1,1,0,0, Full Time,news,%O and %T,,,416400,0,407900,102,Forward,15,12,70.08,76.33,0.38,0.83,0.68,397000,108,,5,3,3,44,0
1007146,Alexandra,Saundry,WS,2,27,0,38,19,27,4,1,1,3,0,1,1,0,0, Full Time,news,%D with %k by foot... also %T,,,416400,0,407900,102,Forward,4,12,70.08,76.33,0.38,0.83,0.68,397000,108,,3,0,3,20,0
1005431,Alex,Williams,WS,2,26,0,34,22,30,6,2,2,0,0,1,1,0,0, Full Time,news,%O with %k by foot... also %M,,,416400,0,407900,102,Forward,20,12,70.08,76.33,0.38,0.83,0.68,397000,108,,2,0,2,50,0
1007031,Kate,Stanton,WS,1,22,0,32,17,25,3,1,1,3,0,1,2,0,1, Full Time,news,%s from %P and %T,,,416400,0,407900,102,Forward,33,12,70.08,76.33,0.38,0.83,0.68,397000,108,,3,0,2,25,0
1005952,Hannah,Dunn,WS,6,21,0,33,16,27,3,1,1,4,0,0,3,0,0, Full Time,news,%O and %T... conceded %F,,,416400,0,407900,102,Forward,24,12,70.08,76.33,0.38,0.83,0.68,397000,108,,4,1,5,0,0
1005494,Hannah,Wallett,WS,1,17,0,24,13,19,2,1,1,2,0,0,1,0,1, Full Time,news,%s from %D and %T,,,416400,0,407900,102,Forward,13,12,70.08,76.33,0.38,0.83,0.68,397000,108,,2,1,1,0,0
1007019,Erin,McKinnon,WS,1,17,0,19,15,20,0,4,0,1,5,0,0,0,0, Full Time,news,%O,,,416400,0,407900,102,Forward,23,12,70.08,76.33,0.38,0.83,0.68,397000,108,,3,0,1,75,0
1007014,Clare,Lawton,WS,1,16,0,19,15,18,3,2,0,0,3,3,1,0,0, Full Time,news,%O... umps paid him %4FF,,,416400,0,407900,102,Forward,41,12,70.08,76.33,0.38,0.83,0.68,397000,108,,4,2,2,60,0
1005456,Kristy,De Pellegrini,WS,0,13,0,17,10,13,1,1,1,1,1,0,0,0,0, Full Time,news,%P,,,416400,0,407900,102,Forward,9,12,70.08,76.33,0.38,0.83,0.68,397000,108,,1,0,1,50,0
1005473,Codie,Briggs,WS,1,11,0,17,7,12,0,1,0,3,0,0,1,0,0, Full Time,news,%T,,,416400,0,407900,102,Forward,31,12,70.08,76.33,0.38,0.83,0.68,397000,108,,1,0,1,100,0
1005279,Ebony,Marinoff,AD,20,82,0,57,59,85,13,7,2,6,0,1,1,0,1, Full Time,hot,%s from %P and %M plus %T,,,416400,0,407900,102,Forward,10,12,70.08,76.33,0.38,0.83,0.68,397000,108,,11,3,4,60,0
998044,Chelsea,Randall,AD,25,82,0,64,61,82,11,5,3,6,1,2,1,1,0, Full Time,hot,%s from %D and %M with %T,,,416400,0,407900,102,Forward,26,12,70.08,76.33,0.38,0.83,0.68,397000,108,,10,1,3,81,0
1007129,Erin,Phillips,AD,19,70,0,44,62,75,10,5,2,1,0,5,2,3,3, Full Time,hot,%s from %P and %M... aided by %4FF,,,416400,0,407900,102,Forward,13,12,70.08,76.33,0.38,0.83,0.68,397000,108,,10,2,4,53,0
1005251,Deni,Varnhagen,AD,10,51,0,25,43,54,10,2,4,0,0,2,1,1,0, Full Time,news,%s from %P and %M,,,416400,0,407900,102,Forward,9,12,70.08,76.33,0.38,0.83,0.68,397000,108,,2,0,2,67,0
1005254,Georgia,Bevan,AD,8,44,0,36,30,39,6,1,2,4,0,2,0,0,0, Full Time,news,%D including %K... also %T and %M,,,416400,0,407900,102,Forward,4,12,70.08,76.33,0.38,0.83,0.68,397000,108,,4,1,1,14,0
1005956,Dayna,Cox,AD,3,43,0,33,31,42,6,3,2,3,0,1,0,0,0, Full Time,news,%D and %M with %T,,,416400,0,407900,102,Forward,31,12,70.08,76.33,0.38,0.83,0.68,397000,108,,5,1,0,33,0
1005381,Abbey,Holmes,AD,7,39,0,30,27,39,6,2,1,4,0,1,1,0,0, Full Time,news,%D with %k by foot... also %T,,,416400,0,407900,102,Forward,1,12,70.08,76.33,0.38,0.83,0.68,397000,108,,6,2,3,12,0
1005955,Justine,Mules,AD,8,39,0,35,29,45,4,7,0,4,0,0,1,0,0, Full Time,news,%P and %T,,,416400,0,407900,102,Forward,23,12,70.08,76.33,0.38,0.83,0.68,397000,108,,9,0,2,9,0
296145,Sarah,Perkins,AD,8,39,0,26,33,42,6,2,3,1,0,1,1,1,0, Full Time,news,%s from %O and %M,,,416400,0,407900,102,Forward,28,12,70.08,76.33,0.38,0.83,0.68,397000,108,,4,0,3,62,0
1001685,Heather,Anderson,AD,2,35,0,27,24,33,5,2,1,3,0,1,0,0,0, Full Time,news,%D including %K... also %T,,,416400,0,407900,102,Forward,19,12,70.08,76.33,0.38,0.83,0.68,397000,108,,2,1,0,57,0
1005379,Sally,Riley,AD,2,31,0,24,25,36,4,5,1,2,0,1,1,0,0, Full Time,news,%O and %T,,,416400,0,407900,102,Forward,8,12,70.08,76.33,0.38,0.83,0.68,397000,108,,5,1,2,33,0
1005386,Stevie-Lee,Thompson,AD,7,31,0,30,20,30,3,3,0,4,0,0,0,0,0, Full Time,news,%O and %T,,,416400,0,407900,102,Forward,14,12,70.08,76.33,0.38,0.83,0.68,397000,108,,4,0,0,67,0
1005256,Jessica,Sedunary,AD,7,28,0,25,20,30,4,1,1,4,0,1,2,0,0, Full Time,news,%D including %K... also %T,,,416400,0,407900,102,Forward,17,12,70.08,76.33,0.38,0.83,0.68,397000,108,,4,1,3,60,0
1005461,Monique,Hollick,AD,2,28,0,25,19,27,3,3,0,3,0,1,0,0,0, Full Time,news,%P and %T,,,416400,0,407900,102,Forward,18,12,70.08,76.33,0.38,0.83,0.68,397000,108,,5,0,1,33,0
1005269,Anne,Hatchard,AD,2,27,0,21,26,36,3,6,3,0,0,0,1,0,0, Full Time,news,%D and %M,,,416400,0,407900,102,Forward,33,12,70.08,76.33,0.38,0.83,0.68,397000,108,,7,0,2,56,0
1005394,Tayla,Thorn,AD,6,27,0,30,19,27,2,1,1,4,3,0,1,0,0, Full Time,news,%P and %T,,,416400,0,407900,102,Forward,15,12,70.08,76.33,0.38,0.83,0.68,397000,108,,1,0,1,67,0
1007021,Rhiannon,Metcalfe,AD,7,27,0,23,27,35,2,3,0,1,17,0,2,0,0, Full Time,news,%P,,,416400,0,407900,102,Forward,11,12,70.08,76.33,0.38,0.83,0.68,397000,108,,2,0,3,80,0
998046,Courtney,Cramey,AD,1,25,0,10,19,27,6,1,1,1,0,1,1,0,0, Full Time,news,%D with %k by foot,,,416400,0,407900,102,Forward,22,12,70.08,76.33,0.38,0.83,0.68,397000,108,,3,1,1,57,0
1005378,Angela,Foley,AD,2,24,0,14,19,30,5,2,1,2,0,0,2,0,0, Full Time,news,%P with %k by foot... also %T,,,416400,0,407900,102,Forward,3,12,70.08,76.33,0.38,0.83,0.68,397000,108,,4,0,3,71,0
998041,Kellie,Gibson,AD,7,23,0,9,20,27,5,1,1,0,0,0,1,1,0, Full Time,news,%s from %P,,,416400,0,407900,102,Forward,2,12,70.08,76.33,0.38,0.83,0.68,397000,108,,3,0,3,50,0
1005486,Talia,Radan,AD,1,16,0,11,15,21,3,1,2,1,0,1,2,0,0, Full Time,news,%P and %M,,,416400,0,407900,102,Forward,6,12,70.08,76.33,0.38,0.83,0.68,397000,108,,2,0,2,100,0
1005285,Sarah,Allan,AD,1,12,0,8,12,20,2,3,0,1,2,0,2,0,0, Full Time,news,%P,,,416400,0,407900,102,Forward,39,12,70.08,76.33,0.38,0.83,0.68,397000,108,,5,0,3,20,0
