Brisbane,Lions,Adelaide,Crows,R5,5.3.33,4.6.30, Full Time
Mar 4,2017,7.10,Norwood,Seven,,100640504,,0,Sunny,33,,
#####

998155,Emily,Bates,BL,19,72,0,92,54,75,10,7,2,4,0,0,0,1,0, Full Time,hot,%s from %O and %M plus %T,,,416400,0,407900,102,Forward,1,12,70.08,76.33,0.38,0.83,0.68,397000,108,,10,1,1,59,0
1003019,Sabrina,Frederick-Traub,BL,14,71,0,93,55,75,10,5,2,5,9,2,2,0,0, Full Time,hot,%D and %M with %T,,,416400,0,407900,102,Forward,14,12,70.08,76.33,0.38,0.83,0.68,397000,108,,8,0,3,40,0
998034,Emma,Zielke,BL,20,63,0,86,43,57,6,1,3,7,0,0,0,1,0, Full Time,hot,%s from %O and %M plus %T,,,416400,0,407900,102,Forward,8,12,70.08,76.33,0.38,0.83,0.68,397000,108,,2,0,2,57,0
1007030,Jamie,Stanton,BL,9,58,0,80,38,54,12,0,2,4,0,0,0,0,0, Full Time,news,%O including %B... also %T and %M,,,416400,0,407900,102,Forward,17,12,70.08,76.33,0.38,0.83,0.68,397000,108,,6,1,4,25,0
1005651,Megan,Hunt,BL,8,55,0,73,44,60,11,4,3,2,0,3,2,0,0, Full Time,news,%O with %k by foot... also %M and %T... aided by %4FF,,,416400,0,407900,102,Forward,6,12,70.08,76.33,0.38,0.83,0.68,397000,108,,8,4,3,67,0
1005634,Sharni,Webb,BL,4,49,0,63,39,50,8,3,4,1,2,1,0,0,0, Full Time,news,%P with %k by foot... also %M,,,416400,0,407900,102,Forward,4,12,70.08,76.33,0.38,0.83,0.68,397000,108,,7,3,3,46,0
998037,Leah,Kaslar,BL,4,49,0,66,37,51,8,3,3,3,0,1,1,0,0, Full Time,news,%P with %k by foot... also %M and %T,,,416400,0,407900,102,Forward,11,12,70.08,76.33,0.38,0.83,0.68,397000,108,,7,1,2,64,0
1003023,Tahlia,Randall,BL,8,44,0,60,30,39,4,1,2,5,3,1,0,0,0, Full Time,news,%D including %K... also %T and %M,,,416400,0,407900,102,Forward,16,12,70.08,76.33,0.38,0.83,0.68,397000,108,,3,0,1,60,0
1007130,Shannon,Campbell,BL,4,42,0,57,32,45,8,2,3,2,0,0,1,0,0, Full Time,news,%P including %K... also %M and %T,,,416400,0,407900,102,Forward,20,12,70.08,76.33,0.38,0.83,0.68,397000,108,,5,0,1,70,0
1005636,Kate,McCarthy,BL,10,41,0,53,33,42,4,1,2,3,0,0,1,2,0, Full Time,news,%s from %D and %M with %T,,,416400,0,407900,102,Forward,9,12,70.08,76.33,0.38,0.83,0.68,397000,108,,1,0,2,100,0
1001690,Jessica,Wuetschner,BL,8,40,0,57,28,39,6,0,3,4,0,0,1,0,0, Full Time,news,%D including %B... also %T and %M,,,416400,0,407900,102,Forward,23,12,70.08,76.33,0.38,0.83,0.68,397000,108,,1,0,2,50,0
1005661,Breanna,Koenen,BL,2,36,0,48,25,36,5,3,1,3,0,0,0,0,0, Full Time,news,%D and %T,,,416400,0,407900,102,Forward,3,12,70.08,76.33,0.38,0.83,0.68,397000,108,,4,2,3,62,0
997649,Kaitlyn,Ashmore,BL,3,36,0,47,28,37,4,3,3,2,0,0,0,0,1, Full Time,news,%s from %P and %M plus %T,,,416400,0,407900,102,Forward,10,12,70.08,76.33,0.38,0.83,0.68,397000,108,,3,1,0,57,0
1005638,Kate,Lutkins,BL,7,33,0,42,27,36,8,1,1,0,0,1,1,1,0, Full Time,news,%s from %O,,,416400,0,407900,102,Forward,13,12,70.08,76.33,0.38,0.83,0.68,397000,108,,3,0,4,56,0
1005653,Nikki,Wallace,BL,6,30,0,42,19,27,1,2,1,5,0,0,0,0,0, Full Time,news,%O and %T,,,416400,0,407900,102,Forward,24,12,70.08,76.33,0.38,0.83,0.68,397000,108,,2,0,0,0,0
1005630,Alexandra,Anderson,BL,6,27,0,38,16,24,3,1,0,4,0,0,0,0,0, Full Time,news,%D and %T,,,416400,0,407900,102,Forward,18,12,70.08,76.33,0.38,0.83,0.68,397000,108,,3,0,0,0,0
1005652,Samantha,Virgo,BL,2,26,0,37,19,27,7,0,0,2,0,3,2,0,0, Full Time,news,%O including %B... also %T... umps paid him %4FF,,,416400,0,407900,102,Forward,5,12,70.08,76.33,0.38,0.83,0.68,397000,108,,5,0,2,86,0
1004405,Nicole,Hildebrand,BL,2,17,0,25,17,27,4,2,2,1,0,0,3,0,0, Full Time,news,%D and %M... not helped by %F,,,416400,0,407900,102,Forward,22,12,70.08,76.33,0.38,0.83,0.68,397000,108,,3,2,4,67,0
1007005,Brittany,Gibson,BL,1,17,0,22,17,27,2,5,1,1,0,0,2,0,0, Full Time,news,%P including %B,,,416400,0,407900,102,Forward,25,12,70.08,76.33,0.38,0.83,0.68,397000,108,,5,2,4,43,0
998039,Tayla,Harris,BL,1,13,0,21,13,24,6,0,0,1,2,0,4,0,1, Full Time,news,%s from %P... conceded %F,,,416400,0,407900,102,Forward,7,12,70.08,76.33,0.38,0.83,0.68,397000,108,,4,0,7,33,0
1005660,Selina,Goodman,BL,1,11,0,15,9,14,0,2,0,2,2,0,1,0,0, Full Time,news,%D and %T,,,416400,0,407900,102,Forward,19,12,70.08,76.33,0.38,0.83,0.68,397000,108,,0,0,1,50,0
1005664,Jordan,Membrey,BL,0,8,0,10,6,9,0,2,0,1,0,0,0,0,0, Full Time,news,%D,,,416400,0,407900,102,Forward,27,12,70.08,76.33,0.38,0.83,0.68,397000,108,,1,0,1,50,0
1005279,Ebony,Marinoff,AD,43,99,0,96,64,96,11,5,2,14,0,0,2,0,0, Full Time,hot,%O and %M plus %T,,,416400,0,407900,102,Forward,10,12,70.08,76.33,0.38,0.83,0.68,397000,108,,6,1,6,50,0
1007129,Erin,Phillips,AD,14,85,0,43,61,86,18,3,2,5,0,3,2,0,2, Full Time,hot,%s from %D and %M with %T... umps paid him %4FF,,,416400,0,407900,102,Forward,13,12,70.08,76.33,0.38,0.83,0.68,397000,108,,15,8,6,62,0
998044,Chelsea,Randall,AD,8,71,0,38,51,69,14,3,3,3,0,2,0,0,0, Full Time,hot,%P with %k by foot... also %M and %T,,,416400,0,407900,102,Forward,26,12,70.08,76.33,0.38,0.83,0.68,397000,108,,11,3,2,47,0
296145,Sarah,Perkins,AD,16,69,0,63,55,68,6,3,2,5,7,2,1,2,1, Full Time,hot,%s from %P and %M plus %T,,,416400,0,407900,102,Forward,28,12,70.08,76.33,0.38,0.83,0.68,397000,108,,6,0,2,44,0
1007021,Rhiannon,Metcalfe,AD,14,62,0,37,53,61,9,0,2,0,28,1,0,0,0, Full Time,hot,%D with %b by hand... also %M,,,416400,0,407900,102,Forward,11,12,70.08,76.33,0.38,0.83,0.68,397000,108,,2,2,3,44,0
1005251,Deni,Varnhagen,AD,4,51,0,24,36,51,11,2,2,2,0,0,0,0,0, Full Time,news,%P with %k by foot... also %M and %T,,,416400,0,407900,102,Forward,9,12,70.08,76.33,0.38,0.83,0.68,397000,108,,3,0,4,23,0
1005956,Dayna,Cox,AD,8,50,0,43,36,51,6,5,1,5,0,2,1,0,0, Full Time,news,%O and %T,,,416400,0,407900,102,Forward,31,12,70.08,76.33,0.38,0.83,0.68,397000,108,,7,2,2,54,0
1005955,Justine,Mules,AD,13,46,0,48,28,42,4,3,0,7,0,0,0,0,0, Full Time,news,%P and %T,,,416400,0,407900,102,Forward,23,12,70.08,76.33,0.38,0.83,0.68,397000,108,,5,1,1,14,0
1005381,Abbey,Holmes,AD,8,41,0,32,35,45,4,7,1,1,0,2,0,1,0, Full Time,news,%s from %O,,,416400,0,407900,102,Forward,1,12,70.08,76.33,0.38,0.83,0.68,397000,108,,9,0,2,54,0
1005378,Angela,Foley,AD,2,40,0,25,32,45,6,7,1,1,0,1,0,0,0, Full Time,news,%D,,,416400,0,407900,102,Forward,3,12,70.08,76.33,0.38,0.83,0.68,397000,108,,6,0,1,46,0
1005379,Sally,Riley,AD,18,40,0,46,26,36,2,2,0,6,0,0,0,1,0, Full Time,news,%s from %D and %T,,,416400,0,407900,102,Forward,8,12,70.08,76.33,0.38,0.83,0.68,397000,108,,2,1,0,75,0
1005254,Georgia,Bevan,AD,2,37,0,24,27,36,6,3,1,2,0,2,0,0,0, Full Time,news,%D and %T,,,416400,0,407900,102,Forward,4,12,70.08,76.33,0.38,0.83,0.68,397000,108,,5,0,2,44,0
998046,Courtney,Cramey,AD,6,35,0,37,22,30,3,1,1,5,0,1,0,0,0, Full Time,news,%D and %T,,,416400,0,407900,102,Forward,22,12,70.08,76.33,0.38,0.83,0.68,397000,108,,2,0,0,100,0
1005461,Monique,Hollick,AD,2,34,0,32,25,36,3,5,1,3,0,0,0,0,0, Full Time,news,%O and %T,,,416400,0,407900,102,Forward,18,12,70.08,76.33,0.38,0.83,0.68,397000,108,,5,1,1,50,0
1005256,Jessica,Sedunary,AD,2,32,0,16,25,34,7,0,3,1,0,0,1,0,1, Full Time,news,%s from %O and %M,,,416400,0,407900,102,Forward,17,12,70.08,76.33,0.38,0.83,0.68,397000,108,,5,2,1,43,0
1005269,Anne,Hatchard,AD,2,31,0,26,26,33,3,5,2,1,0,2,0,0,0, Full Time,news,%D and %M,,,416400,0,407900,102,Forward,33,12,70.08,76.33,0.38,0.83,0.68,397000,108,,6,0,1,88,0
1001685,Heather,Anderson,AD,2,28,0,11,19,30,7,1,0,2,0,0,1,0,0, Full Time,news,%O including %K... also %T,,,416400,0,407900,102,Forward,19,12,70.08,76.33,0.38,0.83,0.68,397000,108,,3,0,4,50,0
1005386,Stevie-Lee,Thompson,AD,1,20,0,18,14,19,2,2,0,2,1,1,0,0,0, Full Time,news,%P and %T,,,416400,0,407900,102,Forward,14,12,70.08,76.33,0.38,0.83,0.68,397000,108,,4,1,0,100,0
1005641,Jenna,McCormick,AD,1,18,0,18,10,15,2,0,0,3,0,0,0,0,0, Full Time,news,%O and %T,,,416400,0,407900,102,Forward,5,12,70.08,76.33,0.38,0.83,0.68,397000,108,,2,0,0,50,0
998041,Kellie,Gibson,AD,1,18,0,7,16,22,4,2,1,0,0,1,1,0,1, Full Time,news,%s from %P,,,416400,0,407900,102,Forward,2,12,70.08,76.33,0.38,0.83,0.68,397000,108,,4,0,1,33,0
1005486,Talia,Radan,AD,1,14,0,3,14,21,4,2,1,0,0,1,2,0,0, Full Time,news,%O,,,416400,0,407900,102,Forward,6,12,70.08,76.33,0.38,0.83,0.68,397000,108,,5,1,3,83,0
1005285,Sarah,Allan,AD,1,13,0,9,13,17,2,1,2,0,2,0,1,0,0, Full Time,news,%O and %M,,,416400,0,407900,102,Forward,39,12,70.08,76.33,0.38,0.83,0.68,397000,108,,1,0,2,33,0
