Melbourne,Demons,Fremantle,Dockers,R7,11.4.70,2.4.16, Full Time
Mar 18,2017,4.35,Casey,Fox Sports,,100640701,,0,,,,
#####

998147,Elise,O'Dea,ME,26,102,0,135,78,111,14,11,5,7,0,1,2,0,0, Full Time,hot,%P and %M plus %T,,,416400,0,407900,102,Forward,5,12,70.08,76.33,0.38,0.83,0.68,397000,108,,9,4,6,60,0
998149,Karen,Paxman,ME,24,87,0,114,66,87,11,5,6,5,0,0,0,1,0, Full Time,hot,%s from %D and %M with %T,,,416400,0,407900,102,Forward,4,12,70.08,76.33,0.38,0.83,0.68,397000,108,,4,1,1,75,0
1005863,Lauren,Pearce,ME,12,83,0,102,69,85,10,4,5,2,22,0,0,0,0, Full Time,hot,%P with %k by foot... also %M and %T,,,416400,0,407900,102,Forward,15,12,70.08,76.33,0.38,0.83,0.68,397000,108,,6,1,1,36,0
998047,Daisy,Pearce,ME,9,78,0,98,61,84,11,11,3,3,0,2,0,0,0, Full Time,hot,%D and %M with %T,,,416400,0,407900,102,Forward,6,12,70.08,76.33,0.38,0.83,0.68,397000,108,,13,4,2,68,0
997708,Lily,Mithen,ME,9,76,0,96,58,75,14,7,2,2,0,6,0,0,0, Full Time,hot,%D and %M with %T... umps paid him %4FF,,,416400,0,407900,102,Forward,14,12,70.08,76.33,0.38,0.83,0.68,397000,108,,10,3,3,71,0
1007153,Catherine,Phillips,ME,15,70,0,86,58,75,10,7,2,2,0,3,1,2,0, Full Time,hot,%s from %D and %M with %T... umps paid him %4FF,,,416400,0,407900,102,Forward,35,12,70.08,76.33,0.38,0.83,0.68,397000,108,,9,1,3,71,0
998038,Mel,Hickey,ME,9,60,0,81,44,60,8,4,3,5,0,2,1,0,0, Full Time,hot,%P and %M plus %T,,,416400,0,407900,102,Forward,18,12,70.08,76.33,0.38,0.83,0.68,397000,108,,3,1,3,75,0
1007028,Shelley,Scott,ME,11,56,0,69,45,57,7,4,2,2,0,1,0,2,0, Full Time,news,%s from %O and %M plus %T,,,416400,0,407900,102,Forward,12,12,70.08,76.33,0.38,0.83,0.68,397000,108,,9,1,1,73,0
997728,Deanna,Berry,ME,10,51,0,63,44,55,9,2,3,0,0,1,1,2,1, Full Time,news,%s from %D and %M,,,416400,0,407900,102,Forward,7,12,70.08,76.33,0.38,0.83,0.68,397000,108,,5,0,4,46,0
1007151,Aliesha,Newman,ME,9,50,0,62,41,53,7,4,3,1,0,0,0,1,2, Full Time,news,%s from %D and %M,,,416400,0,407900,102,Forward,16,12,70.08,76.33,0.38,0.83,0.68,397000,108,,2,0,1,46,0
997673,Richelle,Cranston,ME,5,50,0,67,41,57,7,5,4,3,0,1,2,0,0, Full Time,news,%P and %M plus %T,,,416400,0,407900,102,Forward,30,12,70.08,76.33,0.38,0.83,0.68,397000,108,,5,0,2,83,0
1005866,Ainslie,Kemp,ME,9,48,0,65,35,49,7,3,2,4,0,1,1,0,1, Full Time,news,%s from %O and %M plus %T,,,416400,0,407900,102,Forward,36,12,70.08,76.33,0.38,0.83,0.68,397000,108,,6,2,2,50,0
1007022,Alyssa,Mifsud,ME,10,46,0,54,40,51,6,5,2,0,0,0,0,2,0, Full Time,news,%s from %O and %M,,,416400,0,407900,102,Forward,9,12,70.08,76.33,0.38,0.83,0.68,397000,108,,4,0,0,82,0
1003021,Emma,Humphries,ME,9,45,0,54,38,51,7,6,2,0,0,0,0,1,0, Full Time,news,%s from %P and %M,,,416400,0,407900,102,Forward,3,12,70.08,76.33,0.38,0.83,0.68,397000,108,,6,1,1,62,0
1007011,Sarah,Lampard,ME,3,44,0,58,33,45,5,4,3,3,0,0,0,0,0, Full Time,news,%P and %M plus %T,,,416400,0,407900,102,Forward,8,12,70.08,76.33,0.38,0.83,0.68,397000,108,,2,0,3,56,0
1007150,Laura,Duryea,ME,3,41,0,56,29,42,8,2,1,3,0,1,1,0,0, Full Time,news,%O with %k by foot... also %T,,,416400,0,407900,102,Forward,11,12,70.08,76.33,0.38,0.83,0.68,397000,108,,7,0,3,70,0
1007271,Brooke,Patterson,ME,4,40,0,52,30,42,6,4,2,2,0,0,0,0,0, Full Time,news,%O and %M plus %T,,,416400,0,407900,102,Forward,24,12,70.08,76.33,0.38,0.83,0.68,397000,108,,1,0,0,60,0
1007006,Jasmine,Grierson,ME,2,39,0,46,33,45,6,8,1,0,0,2,0,0,0, Full Time,news,%O,,,416400,0,407900,102,Forward,19,12,70.08,76.33,0.38,0.83,0.68,397000,108,,7,0,0,79,0
1007152,Harriet,Cordner,ME,3,33,0,42,24,32,5,2,0,2,5,1,0,0,0, Full Time,news,%D including %K... also %T,,,416400,0,407900,102,Forward,21,12,70.08,76.33,0.38,0.83,0.68,397000,108,,5,1,0,57,0
997733,Katherine,Smith,ME,2,28,0,35,23,30,3,4,2,1,0,1,0,0,0, Full Time,news,%D and %M,,,416400,0,407900,102,Forward,13,12,70.08,76.33,0.38,0.83,0.68,397000,108,,5,0,1,100,0
997669,Madeleine,Boyd,ME,2,25,0,33,22,29,3,2,3,1,2,0,1,0,0, Full Time,news,%O and %M,,,416400,0,407900,102,Forward,25,12,70.08,76.33,0.38,0.83,0.68,397000,108,,0,0,2,60,0
1006999,Mia-Rae,Clifford,ME,0,10,0,13,7,9,1,1,0,1,0,1,0,0,0, Full Time,news,%P,,,416400,0,407900,102,Forward,44,12,70.08,76.33,0.38,0.83,0.68,397000,108,,1,0,0,100,0
998156,Dana,Hooker,FR,13,72,0,33,52,78,16,5,1,4,0,1,2,0,0, Full Time,hot,%D with %k by foot... also %T,,,416400,0,407900,102,Forward,17,12,70.08,76.33,0.38,0.83,0.68,397000,108,,12,3,7,38,0
1005410,Lara,Filocamo,FR,15,71,0,61,50,72,9,5,3,7,0,0,1,0,0, Full Time,hot,%P and %M plus %T,,,416400,0,407900,102,Forward,4,12,70.08,76.33,0.38,0.83,0.68,397000,108,,6,0,3,43,0
1007141,Gemma,Houghton,FR,20,53,0,45,40,58,7,3,1,6,0,1,3,1,1, Full Time,news,%s from %O and %T... not helped by %F,,,416400,0,407900,102,Forward,27,12,70.08,76.33,0.38,0.83,0.68,397000,108,,7,2,5,40,0
1007013,Amy,Lavell,FR,8,50,0,29,41,52,9,2,6,0,0,0,0,0,1, Full Time,news,Booted %s from %G and %P,,,416400,0,407900,102,Forward,7,12,70.08,76.33,0.38,0.83,0.68,397000,108,,7,1,0,54,0
1007144,Gabby,O'Sullivan,FR,14,49,0,54,34,48,3,5,2,6,0,0,0,0,0, Full Time,news,%P and %M plus %T,,,416400,0,407900,102,Forward,22,12,70.08,76.33,0.38,0.83,0.68,397000,108,,6,0,0,50,0
997691,Brooke,Whyte,FR,5,49,0,30,36,48,9,1,4,2,0,0,0,0,0, Full Time,news,%P with %k by foot... also %M and %T,,,416400,0,407900,102,Forward,38,12,70.08,76.33,0.38,0.83,0.68,397000,108,,4,0,2,30,0
1001682,Ebony,Antonio,FR,10,48,0,35,39,51,7,2,4,2,0,0,1,1,0, Full Time,news,%s from %D and %M with %T,,,416400,0,407900,102,Forward,12,12,70.08,76.33,0.38,0.83,0.68,397000,108,,3,0,4,44,0
1005433,Taylah,Angel,FR,13,45,0,39,27,36,6,0,0,6,0,3,0,0,0, Full Time,news,%P including %B... also %T... umps paid him %4FF,,,416400,0,407900,102,Forward,9,12,70.08,76.33,0.38,0.83,0.68,397000,108,,5,3,1,50,0
1006997,Stephanie,Cain,FR,8,39,0,28,30,45,7,2,2,4,0,1,3,0,0, Full Time,news,%P including %K... also %T and %M... not helped by %F,,,416400,0,407900,102,Forward,20,12,70.08,76.33,0.38,0.83,0.68,397000,108,,6,1,5,56,0
1005409,Cassie,Davidson,FR,3,38,0,32,29,39,5,2,3,3,0,1,1,0,0, Full Time,news,%P including %K... also %M and %T,,,416400,0,407900,102,Forward,33,12,70.08,76.33,0.38,0.83,0.68,397000,108,,1,0,2,71,0
1007029,Belinda,Smith,FR,2,31,0,26,26,36,3,6,2,1,0,0,0,0,0, Full Time,news,%P and %M,,,416400,0,407900,102,Forward,18,12,70.08,76.33,0.38,0.83,0.68,397000,108,,6,0,0,78,0
998040,Hayley,Miller,FR,2,29,0,12,20,30,7,1,0,2,0,1,1,0,0, Full Time,news,%O with %k by foot... also %T,,,416400,0,407900,102,Forward,19,12,70.08,76.33,0.38,0.83,0.68,397000,108,,4,0,2,75,0
1005411,Tarnica,Golisano,FR,3,25,0,24,20,30,3,2,2,3,0,0,2,0,0, Full Time,news,%D and %M with %T,,,416400,0,407900,102,Forward,11,12,70.08,76.33,0.38,0.83,0.68,397000,108,,2,0,3,40,0
1004406,Alicia,Janz,FR,2,24,0,27,19,26,1,2,0,3,8,0,1,0,0, Full Time,news,%D and %T,,,416400,0,407900,102,Forward,30,12,70.08,76.33,0.38,0.83,0.68,397000,108,,3,0,3,67,0
1005430,Akec Makur,Chuot,FR,1,24,0,18,16,24,4,0,0,3,3,0,1,0,0, Full Time,news,%O and %T,,,416400,0,407900,102,Forward,14,12,70.08,76.33,0.38,0.83,0.68,397000,108,,1,1,1,50,0
1007000,Kelly,Clinch,FR,7,22,0,24,16,27,2,3,0,4,0,0,2,0,0, Full Time,news,%D and %T,,,416400,0,407900,102,Forward,25,12,70.08,76.33,0.38,0.83,0.68,397000,108,,3,0,3,40,0
998042,Kirby,Bentley,FR,1,20,0,12,19,27,3,5,1,0,0,1,1,0,0, Full Time,news,%O,,,416400,0,407900,102,Forward,23,12,70.08,76.33,0.38,0.83,0.68,397000,108,,7,1,2,62,0
998161,Kira,Phillips,FR,1,18,0,11,14,21,4,0,1,2,0,1,2,0,0, Full Time,news,%O and %T,,,416400,0,407900,102,Forward,13,12,70.08,76.33,0.38,0.83,0.68,397000,108,,1,1,2,25,0
1006995,Stacey,Barr,FR,1,16,0,5,16,25,4,3,1,0,0,0,2,0,1, Full Time,news,%s from %O,,,416400,0,407900,102,Forward,10,12,70.08,76.33,0.38,0.83,0.68,397000,108,,5,0,4,14,0
1005425,Demi,Okely,FR,1,9,0,15,5,9,0,0,0,3,0,0,1,0,0, Full Time,news,%T,,,416400,0,407900,102,Forward,16,12,70.08,76.33,0.38,0.83,0.68,397000,108,,1,0,1,0,0
1005416,Ashley,Sharp,FR,0,3,0,0,2,3,1,0,0,0,0,0,0,0,0, Full Time,,,,,416400,0,407900,102,Forward,1,12,70.08,76.33,0.38,0.83,0.68,397000,108,,1,1,0,100,0
1005429,Tayla,Bresland,FR,0,2,0,2,2,3,0,1,0,0,0,0,0,0,0, Full Time,,,,,416400,0,407900,102,Forward,5,12,70.08,76.33,0.38,0.83,0.68,397000,108,,0,0,0,100,0
