Brisbane,Lions,Adelaide,Crows,R8,4.5.29,4.11.35, Full Time
Mar 25,2017,1.55,Gold Coast,Seven,,101230101,,0,Shower or two,29,,
#####

998155,Emily,Bates,BL,13,81,0,111,60,81,17,2,3,5,0,6,3,0,0, Full Time,hot,%O including %K... also %T and %M... aided by %4FF... gave away %F,,,416400,0,407900,102,Forward,1,12,70.08,76.33,0.38,0.83,0.68,397000,108,,11,4,4,47,0
1005651,Megan,Hunt,BL,21,78,0,110,60,81,12,1,8,6,0,1,3,0,0, Full Time,hot,%D including %K... also %M and %T... gave away %F,,,416400,0,407900,102,Forward,6,12,70.08,76.33,0.38,0.83,0.68,397000,108,,5,1,4,54,0
1003019,Sabrina,Frederick-Traub,BL,16,75,0,90,62,75,9,5,2,2,15,3,0,1,0, Full Time,hot,%s from %P and %M plus %T... helped out by %4FF,,,416400,0,407900,102,Forward,14,12,70.08,76.33,0.38,0.83,0.68,397000,108,,7,0,0,79,0
998034,Emma,Zielke,BL,10,62,0,84,46,63,10,3,4,4,0,1,1,0,0, Full Time,hot,%P with %k by foot... also %M and %T,,,416400,0,407900,102,Forward,8,12,70.08,76.33,0.38,0.83,0.68,397000,108,,6,0,4,62,0
1001690,Jessica,Wuetschner,BL,11,58,0,74,46,60,8,3,2,3,0,1,1,2,0, Full Time,news,%s from %D and %M with %T,,,416400,0,407900,102,Forward,23,12,70.08,76.33,0.38,0.83,0.68,397000,108,,5,0,2,64,0
1004405,Nicole,Hildebrand,BL,4,58,0,77,43,57,13,1,4,1,0,1,0,0,0, Full Time,news,%D including %K... also %M,,,416400,0,407900,102,Forward,22,12,70.08,76.33,0.38,0.83,0.68,397000,108,,8,0,2,43,0
1005634,Sharni,Webb,BL,8,53,0,70,39,51,6,3,3,4,3,1,0,0,0, Full Time,news,%D and %M with %T,,,416400,0,407900,102,Forward,4,12,70.08,76.33,0.38,0.83,0.68,397000,108,,7,0,0,67,0
997649,Kaitlyn,Ashmore,BL,8,53,0,71,46,64,11,4,5,1,0,1,3,0,1, Full Time,news,%s from %D and %M... not helped by %F,,,416400,0,407900,102,Forward,10,12,70.08,76.33,0.38,0.83,0.68,397000,108,,5,0,3,40,0
1005652,Samantha,Virgo,BL,9,50,0,66,41,60,5,8,3,4,0,0,2,0,0, Full Time,news,%P and %M plus %T,,,416400,0,407900,102,Forward,5,12,70.08,76.33,0.38,0.83,0.68,397000,108,,6,1,4,62,0
1007130,Shannon,Campbell,BL,3,45,0,60,35,45,10,1,3,1,0,3,1,0,0, Full Time,news,%O including %K... also %M... aided by %4FF,,,416400,0,407900,102,Forward,20,12,70.08,76.33,0.38,0.83,0.68,397000,108,,10,1,3,27,0
998037,Leah,Kaslar,BL,7,43,0,56,31,45,2,7,1,5,0,0,0,0,0, Full Time,news,%O including %B... also %T,,,416400,0,407900,102,Forward,11,12,70.08,76.33,0.38,0.83,0.68,397000,108,,7,0,0,56,0
1007030,Jamie,Stanton,BL,3,41,0,54,32,45,9,3,2,1,0,1,1,0,0, Full Time,news,%O with %k by foot... also %M,,,416400,0,407900,102,Forward,17,12,70.08,76.33,0.38,0.83,0.68,397000,108,,5,0,3,50,0
998039,Tayla,Harris,BL,13,37,0,51,29,39,2,1,2,5,2,0,2,1,1, Full Time,news,%s from %D and %M with %T,,,416400,0,407900,102,Forward,7,12,70.08,76.33,0.38,0.83,0.68,397000,108,,3,0,3,33,0
1005661,Breanna,Koenen,BL,3,35,0,47,26,33,5,1,3,2,0,1,0,0,0, Full Time,news,%P with %k by foot... also %M and %T,,,416400,0,407900,102,Forward,3,12,70.08,76.33,0.38,0.83,0.68,397000,108,,4,0,2,33,0
1005636,Kate,McCarthy,BL,6,32,0,45,20,27,4,0,1,4,0,1,0,0,0, Full Time,news,%P and %T,,,416400,0,407900,102,Forward,9,12,70.08,76.33,0.38,0.83,0.68,397000,108,,2,0,1,50,0
1007005,Brittany,Gibson,BL,2,32,0,44,23,34,7,1,1,2,0,0,1,0,1, Full Time,news,%s from %D and %T,,,416400,0,407900,102,Forward,25,12,70.08,76.33,0.38,0.83,0.68,397000,108,,6,1,2,25,0
1005638,Kate,Lutkins,BL,2,30,0,41,23,30,7,0,2,1,0,2,1,0,0, Full Time,news,%O including %B... also %M,,,416400,0,407900,102,Forward,13,12,70.08,76.33,0.38,0.83,0.68,397000,108,,3,0,3,71,0
1003023,Tahlia,Randall,BL,1,26,0,34,19,27,7,1,1,0,0,0,0,0,0, Full Time,news,%K among %P,,,416400,0,407900,102,Forward,16,12,70.08,76.33,0.38,0.83,0.68,397000,108,,4,0,1,50,0
1005630,Alexandra,Anderson,BL,1,19,0,27,13,21,2,2,0,3,0,0,1,0,0, Full Time,news,%D and %T,,,416400,0,407900,102,Forward,18,12,70.08,76.33,0.38,0.83,0.68,397000,108,,3,1,2,50,0
1005664,Jordan,Membrey,BL,1,17,0,25,12,18,1,1,1,3,0,0,1,0,0, Full Time,news,%O and %T,,,416400,0,407900,102,Forward,27,12,70.08,76.33,0.38,0.83,0.68,397000,108,,1,0,2,0,0
1005653,Nikki,Wallace,BL,1,15,0,19,13,21,2,4,0,1,0,0,1,0,0, Full Time,news,%P,,,416400,0,407900,102,Forward,24,12,70.08,76.33,0.38,0.83,0.68,397000,108,,4,2,3,50,0
1005660,Selina,Goodman,BL,0,5,0,6,4,5,1,0,0,0,2,0,0,0,0, Full Time,,,,,416400,0,407900,102,Forward,19,12,70.08,76.33,0.38,0.83,0.68,397000,108,,0,0,0,0,0
1007129,Erin,Phillips,AD,37,147,0,90,111,141,26,2,7,7,1,7,2,2,2, Full Time,hot,%s from %D and %M with %T... helped out by %4FF,,,416400,0,407900,102,Forward,13,12,70.08,76.33,0.38,0.83,0.68,397000,108,,19,6,4,43,0
998046,Courtney,Cramey,AD,10,91,0,39,67,89,20,3,4,2,0,3,0,0,2, Full Time,hot,%s from %D and %M with %T... helped out by %4FF,,,416400,0,407900,102,Forward,22,12,70.08,76.33,0.38,0.83,0.68,397000,108,,12,6,1,56,0
1005279,Ebony,Marinoff,AD,20,82,0,48,58,84,16,4,2,6,0,2,2,0,0, Full Time,hot,%P including %K... also %T and %M,,,416400,0,407900,102,Forward,10,12,70.08,76.33,0.38,0.83,0.68,397000,108,,10,5,3,55,0
1005254,Georgia,Bevan,AD,8,64,0,39,42,57,12,1,1,5,0,3,0,0,0, Full Time,hot,%O with %k by foot... also %T... aided by %4FF,,,416400,0,407900,102,Forward,4,12,70.08,76.33,0.38,0.83,0.68,397000,108,,6,1,0,62,0
998044,Chelsea,Randall,AD,7,54,0,22,42,58,12,4,2,1,0,2,1,0,1, Full Time,news,%s from %P and %M,,,416400,0,407900,102,Forward,26,12,70.08,76.33,0.38,0.83,0.68,397000,108,,12,2,6,69,0
998041,Kellie,Gibson,AD,10,53,0,38,43,60,8,4,3,3,0,0,2,1,0, Full Time,news,%s from %P and %M plus %T,,,416400,0,407900,102,Forward,2,12,70.08,76.33,0.38,0.83,0.68,397000,108,,1,0,4,50,0
1005251,Deni,Varnhagen,AD,9,41,0,29,31,39,6,1,2,2,0,1,0,1,0, Full Time,news,%s from %D and %M with %T,,,416400,0,407900,102,Forward,9,12,70.08,76.33,0.38,0.83,0.68,397000,108,,2,1,2,57,0
1005956,Dayna,Cox,AD,3,39,0,31,30,45,5,6,1,3,0,0,1,0,0, Full Time,news,%O and %T,,,416400,0,407900,102,Forward,31,12,70.08,76.33,0.38,0.83,0.68,397000,108,,8,0,3,54,0
1005378,Angela,Foley,AD,2,34,0,26,25,36,5,3,1,3,0,1,1,0,0, Full Time,news,%P and %T,,,416400,0,407900,102,Forward,3,12,70.08,76.33,0.38,0.83,0.68,397000,108,,7,0,6,38,0
296145,Sarah,Perkins,AD,2,34,0,28,31,44,3,8,1,1,4,0,1,0,1, Full Time,news,%s from %D,,,416400,0,407900,102,Forward,28,12,70.08,76.33,0.38,0.83,0.68,397000,108,,7,2,1,64,0
1005288,Rachael,Killian,AD,3,33,0,27,25,34,4,3,2,2,0,0,0,0,1, Full Time,news,%s from %D and %M with %T,,,416400,0,407900,102,Forward,7,12,70.08,76.33,0.38,0.83,0.68,397000,108,,4,0,0,57,0
1005381,Abbey,Holmes,AD,2,32,0,25,24,33,4,4,1,2,0,1,0,0,0, Full Time,news,%P and %T,,,416400,0,407900,102,Forward,1,12,70.08,76.33,0.38,0.83,0.68,397000,108,,7,0,2,62,0
1005285,Sarah,Allan,AD,2,30,0,22,24,32,4,3,2,1,1,0,0,0,1, Full Time,news,%s from %P and %M,,,416400,0,407900,102,Forward,39,12,70.08,76.33,0.38,0.83,0.68,397000,108,,5,1,1,43,0
1005486,Talia,Radan,AD,1,29,0,20,23,33,4,5,1,1,0,0,0,0,0, Full Time,news,%O,,,416400,0,407900,102,Forward,6,12,70.08,76.33,0.38,0.83,0.68,397000,108,,5,0,4,33,0
1005955,Justine,Mules,AD,2,29,0,20,20,30,5,2,0,3,0,1,1,0,0, Full Time,news,%O including %K... also %T,,,416400,0,407900,102,Forward,23,12,70.08,76.33,0.38,0.83,0.68,397000,108,,5,2,1,57,0
1007021,Rhiannon,Metcalfe,AD,6,27,0,19,24,27,3,0,1,0,15,0,0,0,0, Full Time,news,%D,,,416400,0,407900,102,Forward,11,12,70.08,76.33,0.38,0.83,0.68,397000,108,,2,0,1,100,0
1005256,Jessica,Sedunary,AD,7,22,0,21,17,30,3,3,0,4,0,0,3,0,0, Full Time,news,%D and %T... not helped by %F,,,416400,0,407900,102,Forward,17,12,70.08,76.33,0.38,0.83,0.68,397000,108,,4,1,6,17,0
1001685,Heather,Anderson,AD,1,21,0,4,15,21,6,0,1,0,0,0,0,0,0, Full Time,news,%O with %b by hand,,,416400,0,407900,102,Forward,19,12,70.08,76.33,0.38,0.83,0.68,397000,108,,2,0,1,50,0
1005641,Jenna,McCormick,AD,2,16,0,11,13,21,3,2,0,2,0,1,2,0,0, Full Time,news,%O and %T,,,416400,0,407900,102,Forward,5,12,70.08,76.33,0.38,0.83,0.68,397000,108,,3,0,3,40,0
1005269,Anne,Hatchard,AD,2,12,0,8,14,21,2,3,2,0,0,0,2,0,0, Full Time,news,%D and %M,,,416400,0,407900,102,Forward,33,12,70.08,76.33,0.38,0.83,0.68,397000,108,,3,0,2,80,0
1005379,Sally,Riley,AD,1,11,0,-3,12,21,5,1,1,0,0,0,3,0,0, Full Time,news,%O including %K... not helped by %F,,,416400,0,407900,102,Forward,8,12,70.08,76.33,0.38,0.83,0.68,397000,108,,3,0,5,33,0
1005386,Stevie-Lee,Thompson,AD,1,10,0,-2,10,18,4,2,0,0,0,0,2,0,0, Full Time,news,%O,,,416400,0,407900,102,Forward,14,12,70.08,76.33,0.38,0.83,0.68,397000,108,,6,2,3,67,0
