Hawthorn,Hawks,Fremantle,Dockers,PF,11.11.77,8.14.62, Full Time
Sep 27,2013,2.40,MCG,Seven,,10402701,haw-v-fre,0,Fine,22,,


250089,Jordan,Lewis,HW,25,111,134,141,89,118,14,12,8,4,4,1,0,0,0, Full Time,,,,,0,81,0,80,Forward Centre,3,21,92,96.6,10.73,6.30
240302,Grant,Birchall,HW,24,101,98,128,85,111,16,10,11,0,0,0,0,0,0, Full Time,,,,,0,57,0,87,Back,14,14,80.5,92.1,10.03,10.53
291351,Jack,Gunston,HW,26,94,124,117,79,97,13,3,6,2,0,1,1,4,1, Full Time,,,,,0,61,0,67,Forward,19,20,76.7,83,1.79,1.73
220039,Brian,Lake,HW,19,88,104,116,74,99,16,6,10,1,0,0,2,0,0, Full Time,,,,,0,51,0,48,Back,17,18,68.9,78.7,2.22,3.06
294877,Isaac,Smith,HW,19,86,86,111,67,88,13,5,6,3,0,0,0,1,1, Full Time,,,,,0,117,0,128,Centre,16,21,86.4,83,0.79,1.48
260955,Cyril,Rioli,HW,25,85,110,110,63,83,8,7,3,7,0,2,0,1,2, Full Time,,,,,0,55,0,43,Forward Centre,33,13,73.5,88.4,4.62,6.59
240399,Lance,Franklin,HW,24,84,83,107,69,91,9,9,6,4,0,1,1,1,1, Full Time,,,,,0,106,0,101,Forward,23,19,78.7,90.4,24.19,33.29
240357,Jarryd,Roughead,HW,16,83,105,103,71,92,14,6,4,1,2,2,2,2,3, Full Time,,,,,0,47,0,53,Forward Ruck,2,22,86.7,98.5,29.45,28.77
280737,Liam,Shiels,HW,22,81,80,111,55,72,8,3,4,9,0,3,0,0,0, Full Time,,,,,0,131,0,133,Centre,26,14,63.4,61.4,0.30,0.72
250715,Josh,Gibson,HW,13,78,62,103,64,84,16,3,9,0,0,0,1,0,0, Full Time,,,,,0,97,0,124,Back,6,21,62.7,78.8,3.20,2.81
280744,Luke,Breust,HW,22,77,102,101,57,75,8,5,4,6,0,1,0,1,0, Full Time,,,,,0,77,0,75,Forward,22,22,74.1,82.5,3.93,3.17
220047,Luke,Hodge,HW,9,74,94,98,55,78,17,4,3,2,0,1,1,0,0, Full Time,,,,,0,132,0,132,Centre,15,20,90.8,96.7,4.43,5.10
230197,Brad,Sewell,HW,16,73,72,99,53,74,8,5,4,7,1,0,1,0,1, Full Time,,,,,0,76,0,81,Centre,12,18,77.2,78.1,0.80,0.72
295584,Bradley,Hill,HW,15,70,73,90,54,72,10,5,4,3,0,0,0,1,0, Full Time,,,,,0,38,0,42,Centre,10,21,61.6,59.6,3.71,4.70
280471,Ben,Stratton,HW,10,68,60,90,50,69,8,6,4,5,0,0,0,0,0, Full Time,,,,,0,80,0,63,Back,24,22,62.1,65.8,2.66,2.12
220036,David,Hale,HW,11,67,67,84,59,74,6,6,7,2,11,0,1,0,0, Full Time,,,,,0,90,0,74,Forward Ruck,20,21,71.1,83.2,3.26,3.53
220073,Sam,Mitchell,HW,14,59,77,81,39,57,8,4,0,7,0,2,1,0,0, Full Time,,,,,0,92,0,114,Centre,5,21,95.5,104.2,15.97,17.25
200060,Brent,Guerra,HW,9,55,41,77,40,54,9,0,5,4,0,0,1,0,0, Full Time,,,,,0,55,0,70,Back,18,16,68.8,80.1,1.45,1.12
210012,Shaun,Burgoyne,HW,8,55,55,71,40,58,7,7,1,4,0,0,0,0,1, Full Time,,,,,0,60,0,76,Back Centre,9,20,78.9,85.2,13.64,8.95
260710,Paul,Puopolo,HW,14,52,57,72,35,51,7,3,1,6,0,1,1,0,0, Full Time,,,,,0,72,0,65,Forward,28,19,70.3,75.5,2.34,2.27
260472,Max,Bailey,HW,3,40,53,49,32,42,2,5,1,3,9,0,0,0,0, Full Time,,,,,0,72,0,85,Ruck,39,16,62.3,72.7,2.94,3.09
250652,Jonathan,Simpkin,HW,2,19,16,25,17,24,4,2,2,0,0,0,1,0,0, Full Time,,,,,0,35,0,59,Centre,32,13,66.5,68.8,0.76,0.99
240052,David,Mundy,FR,31,119,117,81,84,119,19,9,3,8,1,1,0,0,1, Full Time,,,,,0,82,0,97,Centre,16,19,97.9,103.7,2.46,4.68
291570,Nathan,Fyfe,FR,25,98,107,74,77,112,13,15,3,6,0,1,2,0,1, Full Time,,,,,0,117,0,125,Centre,7,19,97.9,106.5,10.23,17.14
292026,Michael,Barlow,FR,26,96,86,73,70,103,14,9,3,8,0,0,2,0,1, Full Time,,,,,0,166,0,160,Centre,21,21,104.6,110,26.10,13.39
200032,Matthew,Pavlich,FR,21,86,82,62,70,86,12,1,6,3,0,1,1,3,2, Full Time,,,,,0,100,0,102,Forward,29,9,74.8,81.1,4.55,3.16
230107,Michael,Johnson,FR,15,83,124,56,68,91,13,7,8,2,1,0,1,0,0, Full Time,,,,,0,97,0,84,Back,37,21,82,86.9,2.98,1.76
220096,Aaron,Sandilands,FR,26,79,125,76,75,89,2,11,1,1,44,0,0,0,0, Full Time,,,,,0,104,0,127,Ruck,31,7,49.6,64,1.37,1.03
240139,Paul,Duffield,FR,19,76,91,54,52,75,12,5,2,6,0,0,0,0,0, Full Time,,,,,0,104,0,97,Back,41,19,77.3,80.2,5.47,5.33
250063,Danyle,Pearce,FR,19,76,58,54,57,78,11,6,3,4,0,0,0,1,0, Full Time,,,,,0,128,0,140,Back Centre,6,22,80.6,80.2,14.94,7.60
280726,Tendai,Mzungu,FR,14,74,81,38,58,78,14,5,4,1,0,0,0,1,0, Full Time,,,,,0,119,0,106,Centre,13,22,78.3,79.9,1.39,0.86
280416,Chris,Mayne,FR,16,68,66,69,56,72,4,9,5,4,0,1,0,1,0, Full Time,,,,,0,120,0,123,Forward,23,21,86.6,92,6.63,4.17
281007,Michael,Walters,FR,12,64,77,56,52,66,6,5,4,3,0,0,0,2,0, Full Time,,,,,0,59,0,61,Forward,10,18,82.1,88.9,2.88,1.43
200045,Luke,McPharlin,FR,12,62,55,42,53,69,9,7,7,0,0,0,0,0,0, Full Time,,,,,0,109,0,93,Back,18,13,76.5,73.8,0.98,0.64
260069,Hayden,Ballantyne,FR,4,58,49,41,46,59,8,6,3,2,0,3,0,0,2, Full Time,,,,,0,50,0,55,Forward,1,18,71.4,72.6,1.31,1.20
270908,Nick,Suban,FR,9,57,64,53,44,58,5,7,3,4,0,2,0,0,1, Full Time,,,,,0,148,0,156,Back,8,19,67.8,73,3.55,4.30
240266,Lee,Spurr,FR,10,54,63,42,40,54,8,2,4,4,0,1,1,0,0, Full Time,,,,,0,94,0,88,Back,34,20,71,72.4,0.88,0.73
271015,Matthew,de Boer,FR,8,53,65,53,46,66,3,13,3,3,0,0,1,0,0, Full Time,,,,,0,75,0,92,Forward Centre,9,22,76.6,75.5,1.91,1.43
280336,Stephen,Hill,FR,7,50,76,20,42,64,10,11,0,0,0,0,1,0,1, Full Time,,,,,0,56,0,79,Centre,32,16,70.5,85.9,1.82,0.92
230048,Ryan,Crowley,FR,7,44,34,28,40,54,6,9,2,0,1,2,1,0,2, Full Time,,,,,0,19,0,35,Centre,15,22,58.7,58.4,1.50,1.61
290251,Zachary,Clarke,FR,3,31,37,35,26,35,1,4,1,3,8,0,1,0,0, Full Time,,,,,0,44,0,52,Ruck,30,14,84.9,96.3,4.30,2.49
290733,Cameron,Sutcliffe,FR,1,27,35,11,19,27,6,2,0,1,0,1,0,0,0, Full Time,,,,,0,-1,0,-17,Centre,33,16,47.5,47.6,0.60,0.40
293535,Lachie,Neale,FR,2,26,27,13,21,27,5,2,2,0,0,1,0,0,0, Full Time,,,,,0,103,0,104,Centre,27,9,77.1,86.9,1.05,0.61
240552,Zac,Dawson,FR,3,19,29,26,23,36,0,7,3,2,0,0,4,0,0, Full Time,,,,,0,35,0,67,Back,3,21,34,46.5,3.35,1.80
